0.053779465872316856
0.026889732936158428
0.05704173751035863
-0.019013912503452874
0.026889732936158428
-0.053779465872316856
-0.019013912503452874
-0.05704173751035863
-0.053779465872316856
-0.026889732936158428
-0.05704173751035863
0.01901391250345288
-0.026889732936158428
0.053779465872316856
0.01901391250345288
0.05704173751035863
0.053779465872316856
0.026889732936158428
0.05704173751035863
-0.019013912503452874
0.026889732936158428
-0.053779465872316856
-0.019013912503452874
-0.05704173751035863
-0.053779465872316856
-0.026889732936158428
-0.05704173751035863
0.01901391250345288
-0.026889732936158428
0.053779465872316856
0.01901391250345288
0.05704173751035863
0.053779465872316856
0.026889732936158428
0.05704173751035863
-0.019013912503452874
0.026889732936158428
-0.053779465872316856
-0.019013912503452874
-0.05704173751035863
-0.053779465872316856
-0.026889732936158428
-0.05704173751035863
0.01901391250345288
-0.026889732936158428
0.053779465872316856
0.01901391250345288
0.05704173751035863
0.053779465872316856
0.026889732936158428
0.05704173751035863
-0.019013912503452874
0.026889732936158428
-0.053779465872316856
-0.019013912503452874
-0.05704173751035863
-0.053779465872316856
-0.026889732936158428
-0.05704173751035863
0.01901391250345288
-0.026889732936158428
0.053779465872316856
0.01901391250345288
0.05704173751035863
0.053779465872316856
0.026889732936158428
0.05704173751035863
-0.019013912503452874
0.026889732936158428
-0.053779465872316856
-0.019013912503452874
-0.05704173751035863
-0.053779465872316856
-0.026889732936158428
-0.05704173751035863
0.01901391250345288
-0.026889732936158428
0.053779465872316856
0.01901391250345288
0.05704173751035863
0.053779465872316856
0.026889732936158428
0.05704173751035863
-0.019013912503452874
0.026889732936158428
-0.053779465872316856
-0.019013912503452874
-0.05704173751035863
-0.053779465872316856
-0.026889732936158428
-0.05704173751035863
0.01901391250345288
-0.026889732936158428
0.053779465872316856
0.01901391250345288
0.05704173751035863
0.053779465872316856
0.026889732936158428
0.05704173751035863
-0.019013912503452874
0.026889732936158428
-0.053779465872316856
-0.019013912503452874
-0.05704173751035863
-0.053779465872316856
-0.026889732936158428
-0.05704173751035863
0.01901391250345288
-0.026889732936158428
0.053779465872316856
0.01901391250345288
0.05704173751035863
0.053779465872316856
0.026889732936158428
0.05704173751035863
-0.019013912503452874
0.026889732936158428
-0.053779465872316856
-0.019013912503452874
-0.05704173751035863
-0.053779465872316856
-0.026889732936158428
-0.05704173751035863
0.01901391250345288
-0.026889732936158428
0.053779465872316856
0.01901391250345288
0.05704173751035863
0.15315096144996243
0.07657548072498122
0.16244112507976194
-0.054147041693253975
0.07657548072498122
-0.15315096144996243
-0.054147041693253975
-0.16244112507976194
-0.15315096144996243
-0.07657548072498122
-0.16244112507976194
0.05414704169325398
-0.07657548072498122
0.15315096144996243
0.05414704169325398
0.16244112507976194
0.15315096144996243
0.07657548072498122
0.16244112507976194
-0.054147041693253975
0.07657548072498122
-0.15315096144996243
-0.054147041693253975
-0.16244112507976194
-0.15315096144996243
-0.07657548072498122
-0.16244112507976194
0.05414704169325398
-0.07657548072498122
0.15315096144996243
0.05414704169325398
0.16244112507976194
0.15315096144996243
0.07657548072498122
0.16244112507976194
-0.054147041693253975
0.07657548072498122
-0.15315096144996243
-0.054147041693253975
-0.16244112507976194
-0.15315096144996243
-0.07657548072498122
-0.16244112507976194
0.05414704169325398
-0.07657548072498122
0.15315096144996243
0.05414704169325398
0.16244112507976194
0.15315096144996243
0.07657548072498122
0.16244112507976194
-0.054147041693253975
0.07657548072498122
-0.15315096144996243
-0.054147041693253975
-0.16244112507976194
-0.15315096144996243
-0.07657548072498122
-0.16244112507976194
0.05414704169325398
-0.07657548072498122
0.15315096144996243
0.05414704169325398
0.16244112507976194
0.15315096144996243
0.07657548072498122
0.16244112507976194
-0.054147041693253975
0.07657548072498122
-0.15315096144996243
-0.054147041693253975
-0.16244112507976194
-0.15315096144996243
-0.07657548072498122
-0.16244112507976194
0.05414704169325398
-0.07657548072498122
0.15315096144996243
0.05414704169325398
0.16244112507976194
0.15315096144996243
0.07657548072498122
0.16244112507976194
-0.054147041693253975
0.07657548072498122
-0.15315096144996243
-0.054147041693253975
-0.16244112507976194
-0.15315096144996243
-0.07657548072498122
-0.16244112507976194
0.05414704169325398
-0.07657548072498122
0.15315096144996243
0.05414704169325398
0.16244112507976194
0.15315096144996243
0.07657548072498122
0.16244112507976194
-0.054147041693253975
0.07657548072498122
-0.15315096144996243
-0.054147041693253975
-0.16244112507976194
-0.15315096144996243
-0.07657548072498122
-0.16244112507976194
0.05414704169325398
-0.07657548072498122
0.15315096144996243
0.05414704169325398
0.16244112507976194
0.15315096144996243
0.07657548072498122
0.16244112507976194
-0.054147041693253975
0.07657548072498122
-0.15315096144996243
-0.054147041693253975
-0.16244112507976194
-0.15315096144996243
-0.07657548072498122
-0.16244112507976194
0.05414704169325398
-0.07657548072498122
0.15315096144996243
0.05414704169325398
0.16244112507976194
0.22920661146377397
0.11460330573188698
0.24311032388823728
-0.0810367746294124
0.11460330573188698
-0.22920661146377397
-0.0810367746294124
-0.24311032388823728
-0.22920661146377397
-0.11460330573188698
-0.24311032388823728
0.08103677462941244
-0.11460330573188698
0.22920661146377397
0.08103677462941244
0.24311032388823728
0.22920661146377397
0.11460330573188698
0.24311032388823728
-0.0810367746294124
0.11460330573188698
-0.22920661146377397
-0.0810367746294124
-0.24311032388823728
-0.22920661146377397
-0.11460330573188698
-0.24311032388823728
0.08103677462941244
-0.11460330573188698
0.22920661146377397
0.08103677462941244
0.24311032388823728
0.22920661146377397
0.11460330573188698
0.24311032388823728
-0.0810367746294124
0.11460330573188698
-0.22920661146377397
-0.0810367746294124
-0.24311032388823728
-0.22920661146377397
-0.11460330573188698
-0.24311032388823728
0.08103677462941244
-0.11460330573188698
0.22920661146377397
0.08103677462941244
0.24311032388823728
0.22920661146377397
0.11460330573188698
0.24311032388823728
-0.0810367746294124
0.11460330573188698
-0.22920661146377397
-0.0810367746294124
-0.24311032388823728
-0.22920661146377397
-0.11460330573188698
-0.24311032388823728
0.08103677462941244
-0.11460330573188698
0.22920661146377397
0.08103677462941244
0.24311032388823728
0.22920661146377397
0.11460330573188698
0.24311032388823728
-0.0810367746294124
0.11460330573188698
-0.22920661146377397
-0.0810367746294124
-0.24311032388823728
-0.22920661146377397
-0.11460330573188698
-0.24311032388823728
0.08103677462941244
-0.11460330573188698
0.22920661146377397
0.08103677462941244
0.24311032388823728
0.22920661146377397
0.11460330573188698
0.24311032388823728
-0.0810367746294124
0.11460330573188698
-0.22920661146377397
-0.0810367746294124
-0.24311032388823728
-0.22920661146377397
-0.11460330573188698
-0.24311032388823728
0.08103677462941244
-0.11460330573188698
0.22920661146377397
0.08103677462941244
0.24311032388823728
0.22920661146377397
0.11460330573188698
0.24311032388823728
-0.0810367746294124
0.11460330573188698
-0.22920661146377397
-0.0810367746294124
-0.24311032388823728
-0.22920661146377397
-0.11460330573188698
-0.24311032388823728
0.08103677462941244
-0.11460330573188698
0.22920661146377397
0.08103677462941244
0.24311032388823728
0.22920661146377397
0.11460330573188698
0.24311032388823728
-0.0810367746294124
0.11460330573188698
-0.22920661146377397
-0.0810367746294124
-0.24311032388823728
-0.22920661146377397
-0.11460330573188698
-0.24311032388823728
0.08103677462941244
-0.11460330573188698
0.22920661146377397
0.08103677462941244
0.24311032388823728
0.2703676326453328
0.1351838163226664
0.2867681796853023
-0.09558939322843409
0.1351838163226664
-0.2703676326453328
-0.09558939322843409
-0.2867681796853023
-0.2703676326453328
-0.1351838163226664
-0.28676817968530227
0.09558939322843411
-0.1351838163226664
0.2703676326453328
0.09558939322843411
0.28676817968530227
0.2703676326453328
0.1351838163226664
0.2867681796853023
-0.09558939322843409
0.1351838163226664
-0.2703676326453328
-0.09558939322843409
-0.2867681796853023
-0.2703676326453328
-0.1351838163226664
-0.28676817968530227
0.09558939322843411
-0.1351838163226664
0.2703676326453328
0.09558939322843411
0.28676817968530227
0.2703676326453328
0.1351838163226664
0.2867681796853023
-0.09558939322843409
0.1351838163226664
-0.2703676326453328
-0.09558939322843409
-0.2867681796853023
-0.2703676326453328
-0.1351838163226664
-0.28676817968530227
0.09558939322843411
-0.1351838163226664
0.2703676326453328
0.09558939322843411
0.28676817968530227
0.2703676326453328
0.1351838163226664
0.2867681796853023
-0.09558939322843409
0.1351838163226664
-0.2703676326453328
-0.09558939322843409
-0.2867681796853023
-0.2703676326453328
-0.1351838163226664
-0.28676817968530227
0.09558939322843411
-0.1351838163226664
0.2703676326453328
0.09558939322843411
0.28676817968530227
0.2703676326453328
0.1351838163226664
0.2867681796853023
-0.09558939322843409
0.1351838163226664
-0.2703676326453328
-0.09558939322843409
-0.2867681796853023
-0.2703676326453328
-0.1351838163226664
-0.28676817968530227
0.09558939322843411
-0.1351838163226664
0.2703676326453328
0.09558939322843411
0.28676817968530227
0.2703676326453328
0.1351838163226664
0.2867681796853023
-0.09558939322843409
0.1351838163226664
-0.2703676326453328
-0.09558939322843409
-0.2867681796853023
-0.2703676326453328
-0.1351838163226664
-0.28676817968530227
0.09558939322843411
-0.1351838163226664
0.2703676326453328
0.09558939322843411
0.28676817968530227
0.2703676326453328
0.1351838163226664
0.2867681796853023
-0.09558939322843409
0.1351838163226664
-0.2703676326453328
-0.09558939322843409
-0.2867681796853023
-0.2703676326453328
-0.1351838163226664
-0.28676817968530227
0.09558939322843411
-0.1351838163226664
0.2703676326453328
0.09558939322843411
0.28676817968530227
0.2703676326453328
0.1351838163226664
0.2867681796853023
-0.09558939322843409
0.1351838163226664
-0.2703676326453328
-0.09558939322843409
-0.2867681796853023
-0.2703676326453328
-0.1351838163226664
-0.28676817968530227
0.09558939322843411
-0.1351838163226664
0.2703676326453328
0.09558939322843411
0.28676817968530227
0.2703676326453328
0.1351838163226664
0.2867681796853024
-0.09558939322843409
0.1351838163226664
-0.2703676326453328
-0.09558939322843409
-0.2867681796853024
-0.2703676326453328
-0.1351838163226664
-0.2867681796853024
0.09558939322843413
-0.1351838163226664
0.2703676326453328
0.09558939322843413
0.2867681796853024
0.2703676326453328
0.1351838163226664
0.2867681796853024
-0.09558939322843409
0.1351838163226664
-0.2703676326453328
-0.09558939322843409
-0.2867681796853024
-0.2703676326453328
-0.1351838163226664
-0.2867681796853024
0.09558939322843413
-0.1351838163226664
0.2703676326453328
0.09558939322843413
0.2867681796853024
0.2703676326453328
0.1351838163226664
0.2867681796853024
-0.09558939322843409
0.1351838163226664
-0.2703676326453328
-0.09558939322843409
-0.2867681796853024
-0.2703676326453328
-0.1351838163226664
-0.2867681796853024
0.09558939322843413
-0.1351838163226664
0.2703676326453328
0.09558939322843413
0.2867681796853024
0.2703676326453328
0.1351838163226664
0.2867681796853024
-0.09558939322843409
0.1351838163226664
-0.2703676326453328
-0.09558939322843409
-0.2867681796853024
-0.2703676326453328
-0.1351838163226664
-0.2867681796853024
0.09558939322843413
-0.1351838163226664
0.2703676326453328
0.09558939322843413
0.2867681796853024
0.2703676326453328
0.1351838163226664
0.2867681796853024
-0.09558939322843409
0.1351838163226664
-0.2703676326453328
-0.09558939322843409
-0.2867681796853024
-0.2703676326453328
-0.1351838163226664
-0.2867681796853024
0.09558939322843413
-0.1351838163226664
0.2703676326453328
0.09558939322843413
0.2867681796853024
0.2703676326453328
0.1351838163226664
0.2867681796853024
-0.09558939322843409
0.1351838163226664
-0.2703676326453328
-0.09558939322843409
-0.2867681796853024
-0.2703676326453328
-0.1351838163226664
-0.2867681796853024
0.09558939322843413
-0.1351838163226664
0.2703676326453328
0.09558939322843413
0.2867681796853024
0.2703676326453328
0.1351838163226664
0.2867681796853024
-0.09558939322843409
0.1351838163226664
-0.2703676326453328
-0.09558939322843409
-0.2867681796853024
-0.2703676326453328
-0.1351838163226664
-0.2867681796853024
0.09558939322843413
-0.1351838163226664
0.2703676326453328
0.09558939322843413
0.2867681796853024
0.2703676326453328
0.1351838163226664
0.2867681796853024
-0.09558939322843409
0.1351838163226664
-0.2703676326453328
-0.09558939322843409
-0.2867681796853024
-0.2703676326453328
-0.1351838163226664
-0.2867681796853024
0.09558939322843413
-0.1351838163226664
0.2703676326453328
0.09558939322843413
0.2867681796853024
0.22920661146377402
0.11460330573188701
0.2431103238882373
-0.08103677462941242
0.11460330573188701
-0.22920661146377402
-0.08103677462941242
-0.2431103238882373
-0.22920661146377402
-0.11460330573188701
-0.2431103238882373
0.08103677462941244
-0.11460330573188701
0.22920661146377402
0.08103677462941244
0.2431103238882373
0.22920661146377402
0.11460330573188701
0.2431103238882373
-0.08103677462941242
0.11460330573188701
-0.22920661146377402
-0.08103677462941242
-0.2431103238882373
-0.22920661146377402
-0.11460330573188701
-0.2431103238882373
0.08103677462941244
-0.11460330573188701
0.22920661146377402
0.08103677462941244
0.2431103238882373
0.22920661146377402
0.11460330573188701
0.2431103238882373
-0.08103677462941242
0.11460330573188701
-0.22920661146377402
-0.08103677462941242
-0.2431103238882373
-0.22920661146377402
-0.11460330573188701
-0.2431103238882373
0.08103677462941244
-0.11460330573188701
0.22920661146377402
0.08103677462941244
0.2431103238882373
0.22920661146377402
0.11460330573188701
0.2431103238882373
-0.08103677462941242
0.11460330573188701
-0.22920661146377402
-0.08103677462941242
-0.2431103238882373
-0.22920661146377402
-0.11460330573188701
-0.2431103238882373
0.08103677462941244
-0.11460330573188701
0.22920661146377402
0.08103677462941244
0.2431103238882373
0.22920661146377402
0.11460330573188701
0.2431103238882373
-0.08103677462941242
0.11460330573188701
-0.22920661146377402
-0.08103677462941242
-0.2431103238882373
-0.22920661146377402
-0.11460330573188701
-0.2431103238882373
0.08103677462941244
-0.11460330573188701
0.22920661146377402
0.08103677462941244
0.2431103238882373
0.22920661146377402
0.11460330573188701
0.2431103238882373
-0.08103677462941242
0.11460330573188701
-0.22920661146377402
-0.08103677462941242
-0.2431103238882373
-0.22920661146377402
-0.11460330573188701
-0.2431103238882373
0.08103677462941244
-0.11460330573188701
0.22920661146377402
0.08103677462941244
0.2431103238882373
0.22920661146377402
0.11460330573188701
0.2431103238882373
-0.08103677462941242
0.11460330573188701
-0.22920661146377402
-0.08103677462941242
-0.2431103238882373
-0.22920661146377402
-0.11460330573188701
-0.2431103238882373
0.08103677462941244
-0.11460330573188701
0.22920661146377402
0.08103677462941244
0.2431103238882373
0.22920661146377402
0.11460330573188701
0.2431103238882373
-0.08103677462941242
0.11460330573188701
-0.22920661146377402
-0.08103677462941242
-0.2431103238882373
-0.22920661146377402
-0.11460330573188701
-0.2431103238882373
0.08103677462941244
-0.11460330573188701
0.22920661146377402
0.08103677462941244
0.2431103238882373
0.15315096144996246
0.07657548072498123
0.16244112507976197
-0.054147041693253975
0.07657548072498123
-0.15315096144996246
-0.054147041693253975
-0.16244112507976197
-0.15315096144996246
-0.07657548072498123
-0.16244112507976197
0.054147041693253996
-0.07657548072498123
0.15315096144996246
0.054147041693253996
0.16244112507976197
0.15315096144996246
0.07657548072498123
0.16244112507976197
-0.054147041693253975
0.07657548072498123
-0.15315096144996246
-0.054147041693253975
-0.16244112507976197
-0.15315096144996246
-0.07657548072498123
-0.16244112507976197
0.054147041693253996
-0.07657548072498123
0.15315096144996246
0.054147041693253996
0.16244112507976197
0.15315096144996246
0.07657548072498123
0.16244112507976197
-0.054147041693253975
0.07657548072498123
-0.15315096144996246
-0.054147041693253975
-0.16244112507976197
-0.15315096144996246
-0.07657548072498123
-0.16244112507976197
0.054147041693253996
-0.07657548072498123
0.15315096144996246
0.054147041693253996
0.16244112507976197
0.15315096144996246
0.07657548072498123
0.16244112507976197
-0.054147041693253975
0.07657548072498123
-0.15315096144996246
-0.054147041693253975
-0.16244112507976197
-0.15315096144996246
-0.07657548072498123
-0.16244112507976197
0.054147041693253996
-0.07657548072498123
0.15315096144996246
0.054147041693253996
0.16244112507976197
0.15315096144996246
0.07657548072498123
0.16244112507976197
-0.054147041693253975
0.07657548072498123
-0.15315096144996246
-0.054147041693253975
-0.16244112507976197
-0.15315096144996246
-0.07657548072498123
-0.16244112507976197
0.054147041693253996
-0.07657548072498123
0.15315096144996246
0.054147041693253996
0.16244112507976197
0.15315096144996246
0.07657548072498123
0.16244112507976197
-0.054147041693253975
0.07657548072498123
-0.15315096144996246
-0.054147041693253975
-0.16244112507976197
-0.15315096144996246
-0.07657548072498123
-0.16244112507976197
0.054147041693253996
-0.07657548072498123
0.15315096144996246
0.054147041693253996
0.16244112507976197
0.15315096144996246
0.07657548072498123
0.16244112507976197
-0.054147041693253975
0.07657548072498123
-0.15315096144996246
-0.054147041693253975
-0.16244112507976197
-0.15315096144996246
-0.07657548072498123
-0.16244112507976197
0.054147041693253996
-0.07657548072498123
0.15315096144996246
0.054147041693253996
0.16244112507976197
0.15315096144996246
0.07657548072498123
0.16244112507976197
-0.054147041693253975
0.07657548072498123
-0.15315096144996246
-0.054147041693253975
-0.16244112507976197
-0.15315096144996246
-0.07657548072498123
-0.16244112507976197
0.054147041693253996
-0.07657548072498123
0.15315096144996246
0.054147041693253996
0.16244112507976197
0.053779465872316946
0.026889732936158473
0.05704173751035873
-0.019013912503452905
0.026889732936158473
-0.053779465872316946
-0.019013912503452905
-0.05704173751035873
-0.053779465872316946
-0.026889732936158473
-0.05704173751035872
0.019013912503452912
-0.026889732936158473
0.053779465872316946
0.019013912503452912
0.05704173751035872
0.053779465872316946
0.026889732936158473
0.05704173751035873
-0.019013912503452905
0.026889732936158473
-0.053779465872316946
-0.019013912503452905
-0.05704173751035873
-0.053779465872316946
-0.026889732936158473
-0.05704173751035872
0.019013912503452912
-0.026889732936158473
0.053779465872316946
0.019013912503452912
0.05704173751035872
0.053779465872316946
0.026889732936158473
0.05704173751035873
-0.019013912503452905
0.026889732936158473
-0.053779465872316946
-0.019013912503452905
-0.05704173751035873
-0.053779465872316946
-0.026889732936158473
-0.05704173751035872
0.019013912503452912
-0.026889732936158473
0.053779465872316946
0.019013912503452912
0.05704173751035872
0.053779465872316946
0.026889732936158473
0.05704173751035873
-0.019013912503452905
0.026889732936158473
-0.053779465872316946
-0.019013912503452905
-0.05704173751035873
-0.053779465872316946
-0.026889732936158473
-0.05704173751035872
0.019013912503452912
-0.026889732936158473
0.053779465872316946
0.019013912503452912
0.05704173751035872
0.053779465872316946
0.026889732936158473
0.05704173751035873
-0.019013912503452905
0.026889732936158473
-0.053779465872316946
-0.019013912503452905
-0.05704173751035873
-0.053779465872316946
-0.026889732936158473
-0.05704173751035872
0.019013912503452912
-0.026889732936158473
0.053779465872316946
0.019013912503452912
0.05704173751035872
0.053779465872316946
0.026889732936158473
0.05704173751035873
-0.019013912503452905
0.026889732936158473
-0.053779465872316946
-0.019013912503452905
-0.05704173751035873
-0.053779465872316946
-0.026889732936158473
-0.05704173751035872
0.019013912503452912
-0.026889732936158473
0.053779465872316946
0.019013912503452912
0.05704173751035872
0.053779465872316946
0.026889732936158473
0.05704173751035873
-0.019013912503452905
0.026889732936158473
-0.053779465872316946
-0.019013912503452905
-0.05704173751035873
-0.053779465872316946
-0.026889732936158473
-0.05704173751035872
0.019013912503452912
-0.026889732936158473
0.053779465872316946
0.019013912503452912
0.05704173751035872
0.053779465872316946
0.026889732936158473
0.05704173751035873
-0.019013912503452905
0.026889732936158473
-0.053779465872316946
-0.019013912503452905
-0.05704173751035873
-0.053779465872316946
-0.026889732936158473
-0.05704173751035872
0.019013912503452912
-0.026889732936158473
0.053779465872316946
0.019013912503452912
0.05704173751035872
