0.016617945423320894
0
0.011750661898218157
-0.011750661898218157
0.
-0.016617945423320894
-0.011750661898218157
-0.011750661898218157
-0.016617945423320894
0
-0.011750661898218157
0.011750661898218157
0.
0.016617945423320894
0.011750661898218157
0.011750661898218157
0.011750661898218157
0.011750661898218157
0.016617945423320894
0
0.011750661898218157
-0.011750661898218157
0.
-0.016617945423320894
-0.011750661898218157
-0.011750661898218157
-0.016617945423320894
0
-0.011750661898218157
0.011750661898218157
0.
0.016617945423320894
0.
0.016617945423320894
0.011750661898218157
0.011750661898218157
0.016617945423320894
0
0.011750661898218157
-0.011750661898218157
0.
-0.016617945423320894
-0.011750661898218157
-0.011750661898218157
-0.016617945423320894
0
-0.011750661898218157
0.011750661898218157
-0.011750661898218157
0.011750661898218157
0.
0.016617945423320894
0.011750661898218157
0.011750661898218157
0.016617945423320894
0
0.011750661898218157
-0.011750661898218157
0.
-0.016617945423320894
-0.011750661898218157
-0.011750661898218157
-0.016617945423320894
0
-0.016617945423320894
0
-0.011750661898218157
0.011750661898218157
0.
0.016617945423320894
0.011750661898218157
0.011750661898218157
0.016617945423320894
0
0.011750661898218157
-0.011750661898218157
0.
-0.016617945423320894
-0.011750661898218157
-0.011750661898218157
-0.011750661898218157
-0.011750661898218157
-0.016617945423320894
0
-0.011750661898218157
0.011750661898218157
0.
0.016617945423320894
0.011750661898218157
0.011750661898218157
0.016617945423320894
0
0.011750661898218157
-0.011750661898218157
0.
-0.016617945423320894
0.
-0.016617945423320894
-0.011750661898218157
-0.011750661898218157
-0.016617945423320894
0
-0.011750661898218157
0.011750661898218157
0.
0.016617945423320894
0.011750661898218157
0.011750661898218157
0.016617945423320894
0
0.011750661898218157
-0.011750661898218157
0.011750661898218157
-0.011750661898218157
0.
-0.016617945423320894
-0.011750661898218157
-0.011750661898218157
-0.016617945423320894
0
-0.011750661898218157
0.011750661898218157
0.
0.016617945423320894
0.011750661898218157
0.011750661898218157
0.016617945423320894
0
0.11092848363588861
0
0.0784382830056778
-0.0784382830056778
0.
-0.11092848363588861
-0.0784382830056778
-0.0784382830056778
-0.11092848363588861
0
-0.0784382830056778
0.0784382830056778
0.
0.11092848363588861
0.0784382830056778
0.0784382830056778
0.0784382830056778
0.0784382830056778
0.11092848363588861
0
0.0784382830056778
-0.0784382830056778
0.
-0.11092848363588861
-0.0784382830056778
-0.0784382830056778
-0.11092848363588861
0
-0.0784382830056778
0.0784382830056778
0.
0.11092848363588861
0.
0.11092848363588861
0.0784382830056778
0.0784382830056778
0.11092848363588861
0
0.0784382830056778
-0.0784382830056778
0.
-0.11092848363588861
-0.0784382830056778
-0.0784382830056778
-0.11092848363588861
0
-0.0784382830056778
0.0784382830056778
-0.0784382830056778
0.0784382830056778
0.
0.11092848363588861
0.0784382830056778
0.0784382830056778
0.11092848363588861
0
0.0784382830056778
-0.0784382830056778
0.
-0.11092848363588861
-0.0784382830056778
-0.0784382830056778
-0.11092848363588861
0
-0.11092848363588861
0
-0.0784382830056778
0.0784382830056778
0.
0.11092848363588861
0.0784382830056778
0.0784382830056778
0.11092848363588861
0
0.0784382830056778
-0.0784382830056778
0.
-0.11092848363588861
-0.0784382830056778
-0.0784382830056778
-0.0784382830056778
-0.0784382830056778
-0.11092848363588861
0
-0.0784382830056778
0.0784382830056778
0.
0.11092848363588861
0.0784382830056778
0.0784382830056778
0.11092848363588861
0
0.0784382830056778
-0.0784382830056778
0.
-0.11092848363588861
0.
-0.11092848363588861
-0.0784382830056778
-0.0784382830056778
-0.11092848363588861
0
-0.0784382830056778
0.0784382830056778
0.
0.11092848363588861
0.0784382830056778
0.0784382830056778
0.11092848363588861
0
0.0784382830056778
-0.0784382830056778
0.0784382830056778
-0.0784382830056778
0.
-0.11092848363588861
-0.0784382830056778
-0.0784382830056778
-0.11092848363588861
0
-0.0784382830056778
0.0784382830056778
0.
0.11092848363588861
0.0784382830056778
0.0784382830056778
0.11092848363588861
0
0.15194056211929557
0
0.10743820181184977
-0.10743820181184977
0.
-0.15194056211929557
-0.10743820181184977
-0.10743820181184977
-0.15194056211929557
0
-0.10743820181184977
0.10743820181184977
0.
0.15194056211929557
0.10743820181184977
0.10743820181184977
0.10743820181184977
0.10743820181184977
0.15194056211929557
0
0.10743820181184977
-0.10743820181184977
0.
-0.15194056211929557
-0.10743820181184977
-0.10743820181184977
-0.15194056211929557
0
-0.10743820181184977
0.10743820181184977
0.
0.15194056211929557
0.
0.15194056211929557
0.10743820181184977
0.10743820181184977
0.15194056211929557
0
0.10743820181184977
-0.10743820181184977
0.
-0.15194056211929557
-0.10743820181184977
-0.10743820181184977
-0.15194056211929557
0
-0.10743820181184977
0.10743820181184977
-0.10743820181184977
0.10743820181184977
0.
0.15194056211929557
0.10743820181184977
0.10743820181184977
0.15194056211929557
0
0.10743820181184977
-0.10743820181184977
0.
-0.15194056211929557
-0.10743820181184977
-0.10743820181184977
-0.15194056211929557
0
-0.15194056211929557
0
-0.10743820181184977
0.10743820181184977
0.
0.15194056211929557
0.10743820181184977
0.10743820181184977
0.15194056211929557
0
0.10743820181184977
-0.10743820181184977
0.
-0.15194056211929557
-0.10743820181184977
-0.10743820181184977
-0.10743820181184977
-0.10743820181184977
-0.15194056211929557
0
-0.10743820181184977
0.10743820181184977
0.
0.15194056211929557
0.10743820181184977
0.10743820181184977
0.15194056211929557
0
0.10743820181184977
-0.10743820181184977
0.
-0.15194056211929557
0.
-0.15194056211929557
-0.10743820181184977
-0.10743820181184977
-0.15194056211929557
0
-0.10743820181184977
0.10743820181184977
0.
0.15194056211929557
0.10743820181184977
0.10743820181184977
0.15194056211929557
0
0.10743820181184977
-0.10743820181184977
0.10743820181184977
-0.10743820181184977
0.
-0.15194056211929557
-0.10743820181184977
-0.10743820181184977
-0.15194056211929557
0
-0.10743820181184977
0.10743820181184977
0.
0.15194056211929557
0.10743820181184977
0.10743820181184977
0.15194056211929557
0
0.04559012840558442
0
0.032237088950754195
-0.03223708895075419
0.
-0.04559012840558442
-0.03223708895075419
-0.032237088950754195
-0.04559012840558442
0
-0.03223708895075419
0.032237088950754195
0.
0.04559012840558442
0.032237088950754195
0.03223708895075419
0.032237088950754195
0.03223708895075419
0.04559012840558442
0
0.03223708895075419
-0.032237088950754195
0.
-0.04559012840558442
-0.032237088950754195
-0.03223708895075419
-0.04559012840558442
0
-0.03223708895075419
0.032237088950754195
0.
0.04559012840558442
0.
0.04559012840558442
0.03223708895075419
0.032237088950754195
0.04559012840558442
0
0.032237088950754195
-0.03223708895075419
0.
-0.04559012840558442
-0.032237088950754195
-0.03223708895075419
-0.04559012840558442
0
-0.03223708895075419
0.032237088950754195
-0.03223708895075419
0.032237088950754195
0.
0.04559012840558442
0.032237088950754195
0.03223708895075419
0.04559012840558442
0
0.03223708895075419
-0.032237088950754195
0.
-0.04559012840558442
-0.032237088950754195
-0.03223708895075419
-0.04559012840558442
0
-0.04559012840558442
0
-0.032237088950754195
0.03223708895075419
0.
0.04559012840558442
0.03223708895075419
0.032237088950754195
0.04559012840558442
0
0.03223708895075419
-0.032237088950754195
0.
-0.04559012840558442
-0.032237088950754195
-0.03223708895075419
-0.03223708895075419
-0.032237088950754195
-0.04559012840558442
0
-0.032237088950754195
0.03223708895075419
0.
0.04559012840558442
0.03223708895075419
0.032237088950754195
0.04559012840558442
0
0.032237088950754195
-0.03223708895075419
0.
-0.04559012840558442
0.
-0.04559012840558442
-0.03223708895075419
-0.032237088950754195
-0.04559012840558442
0
-0.032237088950754195
0.03223708895075419
0.
0.04559012840558442
0.032237088950754195
0.03223708895075419
0.04559012840558442
0
0.03223708895075419
-0.032237088950754195
0.032237088950754195
-0.03223708895075419
0.
-0.04559012840558442
-0.03223708895075419
-0.032237088950754195
-0.04559012840558442
0
-0.032237088950754195
0.03223708895075419
0.
0.04559012840558442
0.03223708895075419
0.032237088950754195
0.04559012840558442
0
-0.10586241596752617
0
-0.0748560322034288
0.0748560322034288
0.
0.10586241596752617
0.0748560322034288
0.0748560322034288
0.10586241596752617
0
0.0748560322034288
-0.0748560322034288
0.
-0.10586241596752617
-0.0748560322034288
-0.0748560322034288
-0.0748560322034288
-0.0748560322034288
-0.10586241596752617
0
-0.0748560322034288
0.0748560322034288
0.
0.10586241596752617
0.0748560322034288
0.0748560322034288
0.10586241596752617
0
0.0748560322034288
-0.0748560322034288
0.
-0.10586241596752617
0.
-0.10586241596752617
-0.0748560322034288
-0.0748560322034288
-0.10586241596752617
0
-0.0748560322034288
0.0748560322034288
0.
0.10586241596752617
0.0748560322034288
0.0748560322034288
0.10586241596752617
0
0.0748560322034288
-0.0748560322034288
0.0748560322034288
-0.0748560322034288
0.
-0.10586241596752617
-0.0748560322034288
-0.0748560322034288
-0.10586241596752617
0
-0.0748560322034288
0.0748560322034288
0.
0.10586241596752617
0.0748560322034288
0.0748560322034288
0.10586241596752617
0
0.10586241596752617
0
0.0748560322034288
-0.0748560322034288
0.
-0.10586241596752617
-0.0748560322034288
-0.0748560322034288
-0.10586241596752617
0
-0.0748560322034288
0.0748560322034288
0.
0.10586241596752617
0.0748560322034288
0.0748560322034288
0.0748560322034288
0.0748560322034288
0.10586241596752617
0
0.0748560322034288
-0.0748560322034288
0.
-0.10586241596752617
-0.0748560322034288
-0.0748560322034288
-0.10586241596752617
0
-0.0748560322034288
0.0748560322034288
0.
0.10586241596752617
0.
0.10586241596752617
0.0748560322034288
0.0748560322034288
0.10586241596752617
0
0.0748560322034288
-0.0748560322034288
0.
-0.10586241596752617
-0.0748560322034288
-0.0748560322034288
-0.10586241596752617
0
-0.0748560322034288
0.0748560322034288
-0.0748560322034288
0.0748560322034288
0.
0.10586241596752617
0.0748560322034288
0.0748560322034288
0.10586241596752617
0
0.0748560322034288
-0.0748560322034288
0.
-0.10586241596752617
-0.0748560322034288
-0.0748560322034288
-0.10586241596752617
0
-0.11149908514510942
0
-0.07884175920220313
0.07884175920220311
0.
0.11149908514510942
0.07884175920220311
0.07884175920220313
0.11149908514510942
0
0.07884175920220311
-0.07884175920220313
0.
-0.11149908514510942
-0.07884175920220313
-0.07884175920220311
-0.07884175920220313
-0.07884175920220311
-0.11149908514510942
0
-0.07884175920220311
0.07884175920220313
0.
0.11149908514510942
0.07884175920220313
0.07884175920220311
0.11149908514510942
0
0.07884175920220311
-0.07884175920220313
0.
-0.11149908514510942
0.
-0.11149908514510942
-0.07884175920220311
-0.07884175920220313
-0.11149908514510942
0
-0.07884175920220313
0.07884175920220311
0.
0.11149908514510942
0.07884175920220313
0.07884175920220311
0.11149908514510942
0
0.07884175920220311
-0.07884175920220313
0.07884175920220311
-0.07884175920220313
0.
-0.11149908514510942
-0.07884175920220313
-0.07884175920220311
-0.11149908514510942
0
-0.07884175920220311
0.07884175920220313
0.
0.11149908514510942
0.07884175920220313
0.07884175920220311
0.11149908514510942
0
0.11149908514510942
0
0.07884175920220313
-0.07884175920220311
0.
-0.11149908514510942
-0.07884175920220311
-0.07884175920220313
-0.11149908514510942
0
-0.07884175920220311
0.07884175920220313
0.
0.11149908514510942
0.07884175920220313
0.07884175920220311
0.07884175920220311
0.07884175920220313
0.11149908514510942
0
0.07884175920220313
-0.07884175920220311
0.
-0.11149908514510942
-0.07884175920220311
-0.07884175920220313
-0.11149908514510942
0
-0.07884175920220313
0.07884175920220311
0.
0.11149908514510942
0.
0.11149908514510942
0.07884175920220311
0.07884175920220313
0.11149908514510942
0
0.07884175920220313
-0.07884175920220311
0.
-0.11149908514510942
-0.07884175920220313
-0.07884175920220311
-0.11149908514510942
0
-0.07884175920220311
0.07884175920220313
-0.07884175920220313
0.07884175920220311
0.
0.11149908514510942
0.07884175920220311
0.07884175920220313
0.11149908514510942
0
0.07884175920220313
-0.07884175920220311
0.
-0.11149908514510942
-0.07884175920220311
-0.07884175920220313
-0.11149908514510942
0
0.07194376506294138
0
0.05087192414009768
-0.050871924140097675
0.
-0.07194376506294138
-0.050871924140097675
-0.05087192414009768
-0.07194376506294138
0
-0.050871924140097675
0.05087192414009768
0.
0.07194376506294138
0.05087192414009768
0.050871924140097675
0.05087192414009768
0.050871924140097675
0.07194376506294138
0
0.050871924140097675
-0.05087192414009768
0.
-0.07194376506294138
-0.05087192414009768
-0.050871924140097675
-0.07194376506294138
0
-0.050871924140097675
0.05087192414009768
0.
0.07194376506294138
0.
0.07194376506294138
0.050871924140097675
0.05087192414009768
0.07194376506294138
0
0.05087192414009768
-0.050871924140097675
0.
-0.07194376506294138
-0.05087192414009768
-0.050871924140097675
-0.07194376506294138
0
-0.050871924140097675
0.05087192414009768
-0.050871924140097675
0.05087192414009768
0.
0.07194376506294138
0.05087192414009768
0.050871924140097675
0.07194376506294138
0
0.050871924140097675
-0.05087192414009768
0.
-0.07194376506294138
-0.05087192414009768
-0.050871924140097675
-0.07194376506294138
0
-0.07194376506294138
0
-0.05087192414009768
0.050871924140097675
0.
0.07194376506294138
0.050871924140097675
0.05087192414009768
0.07194376506294138
0
0.050871924140097675
-0.05087192414009768
0.
-0.07194376506294138
-0.05087192414009768
-0.050871924140097675
-0.050871924140097675
-0.05087192414009768
-0.07194376506294138
0
-0.05087192414009768
0.050871924140097675
0.
0.07194376506294138
0.050871924140097675
0.05087192414009768
0.07194376506294138
0
0.05087192414009768
-0.050871924140097675
0.
-0.07194376506294138
0.
-0.07194376506294138
-0.050871924140097675
-0.05087192414009768
-0.07194376506294138
0
-0.05087192414009768
0.050871924140097675
0.
0.07194376506294138
0.05087192414009768
0.050871924140097675
0.07194376506294138
0
0.050871924140097675
-0.05087192414009768
0.05087192414009768
-0.050871924140097675
0.
-0.07194376506294138
-0.050871924140097675
-0.05087192414009768
-0.07194376506294138
0
-0.05087192414009768
0.050871924140097675
0.
0.07194376506294138
0.050871924140097675
0.05087192414009768
0.07194376506294138
0
0.26696806781163723
0
0.18877493110987878
-0.18877493110987875
0.
-0.26696806781163723
-0.18877493110987875
-0.18877493110987878
-0.26696806781163723
0
-0.18877493110987875
0.18877493110987878
0.
0.26696806781163723
0.18877493110987878
0.18877493110987875
0.18877493110987878
0.18877493110987875
0.26696806781163723
0
0.18877493110987875
-0.18877493110987878
0.
-0.26696806781163723
-0.18877493110987878
-0.18877493110987875
-0.26696806781163723
0
-0.18877493110987875
0.18877493110987878
0.
0.26696806781163723
0.
0.26696806781163723
0.18877493110987875
0.18877493110987878
0.26696806781163723
0
0.18877493110987878
-0.18877493110987875
0.
-0.26696806781163723
-0.18877493110987878
-0.18877493110987875
-0.26696806781163723
0
-0.18877493110987875
0.18877493110987878
-0.18877493110987875
0.18877493110987878
0.
0.26696806781163723
0.18877493110987878
0.18877493110987875
0.26696806781163723
0
0.18877493110987875
-0.18877493110987878
0.
-0.26696806781163723
-0.18877493110987878
-0.18877493110987875
-0.26696806781163723
0
-0.26696806781163723
0
-0.18877493110987878
0.18877493110987875
0.
0.26696806781163723
0.18877493110987875
0.18877493110987878
0.26696806781163723
0
0.18877493110987875
-0.18877493110987878
0.
-0.26696806781163723
-0.18877493110987878
-0.18877493110987875
-0.18877493110987875
-0.18877493110987878
-0.26696806781163723
0
-0.18877493110987878
0.18877493110987875
0.
0.26696806781163723
0.18877493110987875
0.18877493110987878
0.26696806781163723
0
0.18877493110987878
-0.18877493110987875
0.
-0.26696806781163723
0.
-0.26696806781163723
-0.18877493110987875
-0.18877493110987878
-0.26696806781163723
0
-0.18877493110987878
0.18877493110987875
0.
0.26696806781163723
0.18877493110987878
0.18877493110987875
0.26696806781163723
0
0.18877493110987875
-0.18877493110987878
0.18877493110987878
-0.18877493110987875
0.
-0.26696806781163723
-0.18877493110987875
-0.18877493110987878
-0.26696806781163723
0
-0.18877493110987878
0.18877493110987875
0.
0.26696806781163723
0.18877493110987875
0.18877493110987878
0.26696806781163723
0
