-0.4991805729544797
2.7035068822050894
2.6350333716491723
0.6204461816812181
0.391621641209846
-2.7795625322189013
-2.7425923033938058
-0.6965018316950295
-0.4991805729544797
2.7035068822050894
2.6350333716491723
0.6204461816812181
0.391621641209846
-2.7795625322189013
-2.7425923033938058
-0.6965018316950295
2.7567926642266585
0.589436583801144
0.4606590640968258
-2.5974992304930145
-2.8866277801127866
-0.5671603996596494
-0.5904941799829542
2.619775414634509
2.7567926642266585
0.589436583801144
0.4606590640968258
-2.5974992304930145
-2.8866277801127866
-0.5671603996596494
-0.5904941799829542
2.619775414634509
0.6204461816812181
-2.6350333716491723
-2.7795625322189013
-0.391621641209846
-0.6965018316950295
2.7425923033938058
2.7035068822050894
0.4991805729544797
0.6204461816812181
-2.6350333716491723
-2.7795625322189013
-0.391621641209846
-0.6965018316950295
2.7425923033938058
2.7035068822050894
0.4991805729544797
-2.5974992304930145
-0.4606590640968258
-0.5671603996596494
2.8866277801127866
2.619775414634509
0.5904941799829542
0.589436583801144
-2.7567926642266585
-2.5974992304930145
-0.4606590640968258
-0.5671603996596494
2.8866277801127866
2.619775414634509
0.5904941799829542
0.589436583801144
-2.7567926642266585
-0.391621641209846
2.7795625322189013
2.7425923033938058
0.6965018316950295
0.4991805729544797
-2.7035068822050894
-2.6350333716491723
-0.6204461816812181
-0.391621641209846
2.7795625322189013
2.7425923033938058
0.6965018316950295
0.4991805729544797
-2.7035068822050894
-2.6350333716491723
-0.6204461816812181
2.8866277801127866
0.5671603996596494
0.5904941799829542
-2.619775414634509
-2.7567926642266585
-0.589436583801144
-0.4606590640968258
2.5974992304930145
2.8866277801127866
0.5671603996596494
0.5904941799829542
-2.619775414634509
-2.7567926642266585
-0.589436583801144
-0.4606590640968258
2.5974992304930145
0.6965018316950295
-2.7425923033938058
-2.7035068822050894
-0.4991805729544797
-0.6204461816812181
2.6350333716491723
2.7795625322189013
0.391621641209846
0.6965018316950295
-2.7425923033938058
-2.7035068822050894
-0.4991805729544797
-0.6204461816812181
2.6350333716491723
2.7795625322189013
0.391621641209846
-2.619775414634509
-0.5904941799829542
-0.589436583801144
2.7567926642266585
2.5974992304930145
0.4606590640968258
0.5671603996596494
-2.8866277801127866
-2.619775414634509
-0.5904941799829542
-0.589436583801144
2.7567926642266585
2.5974992304930145
0.4606590640968258
0.5671603996596494
-2.8866277801127866
0.10743609025454925
2.394191799478591
1.9868668711757667
1.0960160495573523
-0.4137380131544741
-2.6107799662516067
-2.2931687940756915
-1.3126042163303682
0.10743609025454925
2.394191799478591
1.9868668711757667
1.0960160495573523
-0.4137380131544741
-2.6107799662516067
-2.2931687940756915
-1.3126042163303682
2.868830885958111
0.6848141684008858
0.10575795138850039
-1.5570846627597015
-3.238570014181089
-0.6213769630778324
-0.4754970796114787
1.6205218680827547
2.868830885958111
0.6848141684008858
0.10575795138850039
-1.5570846627597015
-3.238570014181089
-0.6213769630778324
-0.4754970796114787
1.6205218680827547
1.0960160495573523
-1.9868668711757667
-2.6107799662516067
0.4137380131544741
-1.3126042163303682
2.2931687940756915
2.394191799478591
-0.10743609025454925
1.0960160495573523
-1.9868668711757667
-2.6107799662516067
0.4137380131544741
-1.3126042163303682
2.2931687940756915
2.394191799478591
-0.10743609025454925
-1.5570846627597015
-0.10575795138850039
-0.6213769630778324
3.238570014181089
1.6205218680827547
0.4754970796114787
0.6848141684008858
-2.868830885958111
-1.5570846627597015
-0.10575795138850039
-0.6213769630778324
3.238570014181089
1.6205218680827547
0.4754970796114787
0.6848141684008858
-2.868830885958111
0.4137380131544741
2.6107799662516067
2.2931687940756915
1.3126042163303682
-0.10743609025454925
-2.394191799478591
-1.9868668711757667
-1.0960160495573523
0.4137380131544741
2.6107799662516067
2.2931687940756915
1.3126042163303682
-0.10743609025454925
-2.394191799478591
-1.9868668711757667
-1.0960160495573523
3.238570014181089
0.6213769630778324
0.4754970796114787
-1.6205218680827547
-2.868830885958111
-0.6848141684008858
-0.10575795138850039
1.5570846627597015
3.238570014181089
0.6213769630778324
0.4754970796114787
-1.6205218680827547
-2.868830885958111
-0.6848141684008858
-0.10575795138850039
1.5570846627597015
1.3126042163303682
-2.2931687940756915
-2.394191799478591
0.10743609025454925
-1.0960160495573523
1.9868668711757667
2.6107799662516067
-0.4137380131544741
1.3126042163303682
-2.2931687940756915
-2.394191799478591
0.10743609025454925
-1.0960160495573523
1.9868668711757667
2.6107799662516067
-0.4137380131544741
-1.6205218680827547
-0.4754970796114787
-0.6848141684008858
2.868830885958111
1.5570846627597015
0.10575795138850039
0.6213769630778324
-3.238570014181089
-1.6205218680827547
-0.4754970796114787
-0.6848141684008858
2.868830885958111
1.5570846627597015
0.10575795138850039
0.6213769630778324
-3.238570014181089
0.5265763763659977
1.7837275994373487
1.1741227644620347
1.2745170311686091
-0.9849895992935457
-2.107874697954998
-1.6325359873895824
-1.598664129686259
0.5265763763659977
1.7837275994373487
1.1741227644620347
1.2745170311686091
-0.9849895992935457
-2.107874697954998
-1.6325359873895824
-1.598664129686259
2.494075191448882
0.6591099262109513
-0.2075089450770632
-0.5309082346554503
-3.0474289014303055
-0.5641694391570757
-0.3458447649043606
0.625848721709326
2.494075191448882
0.6591099262109513
-0.2075089450770632
-0.5309082346554503
-3.0474289014303055
-0.5641694391570757
-0.3458447649043606
0.625848721709326
1.2745170311686091
-1.1741227644620347
-2.107874697954998
0.9849895992935457
-1.598664129686259
1.6325359873895824
1.7837275994373487
-0.5265763763659977
1.2745170311686091
-1.1741227644620347
-2.107874697954998
0.9849895992935457
-1.598664129686259
1.6325359873895824
1.7837275994373487
-0.5265763763659977
-0.5309082346554503
0.2075089450770632
-0.5641694391570757
3.0474289014303055
0.625848721709326
0.3458447649043606
0.6591099262109513
-2.494075191448882
-0.5309082346554503
0.2075089450770632
-0.5641694391570757
3.0474289014303055
0.625848721709326
0.3458447649043606
0.6591099262109513
-2.494075191448882
0.9849895992935457
2.107874697954998
1.6325359873895824
1.598664129686259
-0.5265763763659977
-1.7837275994373487
-1.1741227644620347
-1.2745170311686091
0.9849895992935457
2.107874697954998
1.6325359873895824
1.598664129686259
-0.5265763763659977
-1.7837275994373487
-1.1741227644620347
-1.2745170311686091
3.0474289014303055
0.5641694391570757
0.3458447649043606
-0.625848721709326
-2.494075191448882
-0.6591099262109514
0.2075089450770632
0.5309082346554503
3.0474289014303055
0.5641694391570757
0.3458447649043606
-0.625848721709326
-2.494075191448882
-0.6591099262109514
0.2075089450770632
0.5309082346554503
1.598664129686259
-1.6325359873895824
-1.7837275994373487
0.5265763763659977
-1.2745170311686091
1.1741227644620347
2.107874697954998
-0.9849895992935457
1.598664129686259
-1.6325359873895824
-1.7837275994373487
0.5265763763659977
-1.2745170311686091
1.1741227644620347
2.107874697954998
-0.9849895992935457
-0.625848721709326
-0.3458447649043606
-0.6591099262109514
2.494075191448882
0.5309082346554503
-0.2075089450770632
0.5641694391570757
-3.0474289014303055
-0.625848721709326
-0.3458447649043606
-0.6591099262109514
2.494075191448882
0.5309082346554503
-0.2075089450770632
0.5641694391570757
-3.0474289014303055
0.06431030541494398
0.9297273558564019
0.5854877720741402
0.5453330783736687
-0.6050455707056096
-1.3120849287701384
-1.126223037364806
-0.9276906512874052
0.06431030541494398
0.9297273558564019
0.5854877720741402
0.5453330783736687
-0.6050455707056096
-1.3120849287701384
-1.126223037364806
-0.9276906512874052
1.1976130721822438
0.3894373023162304
-0.25797100819130314
-0.3967909019367629
-1.850338277741313
-0.27744736204782694
-0.39475419736776607
0.5087808422051665
1.1976130721822438
0.3894373023162304
-0.25797100819130314
-0.3967909019367629
-1.850338277741313
-0.27744736204782694
-0.39475419736776607
0.5087808422051665
0.5453330783736687
-0.5854877720741402
-1.3120849287701384
0.6050455707056096
-0.9276906512874052
1.126223037364806
0.9297273558564019
-0.06431030541494398
0.5453330783736687
-0.5854877720741402
-1.3120849287701384
0.6050455707056096
-0.9276906512874052
1.126223037364806
0.9297273558564019
-0.06431030541494398
-0.3967909019367629
0.25797100819130314
-0.27744736204782694
1.850338277741313
0.5087808422051665
0.39475419736776607
0.3894373023162304
-1.1976130721822438
-0.3967909019367629
0.25797100819130314
-0.27744736204782694
1.850338277741313
0.5087808422051665
0.39475419736776607
0.3894373023162304
-1.1976130721822438
0.6050455707056096
1.3120849287701384
1.126223037364806
0.9276906512874052
-0.06431030541494398
-0.9297273558564019
-0.5854877720741402
-0.5453330783736687
0.6050455707056096
1.3120849287701384
1.126223037364806
0.9276906512874052
-0.06431030541494398
-0.9297273558564019
-0.5854877720741402
-0.5453330783736687
1.850338277741313
0.27744736204782683
0.39475419736776607
-0.5087808422051665
-1.1976130721822438
-0.3894373023162305
0.25797100819130314
0.3967909019367628
1.850338277741313
0.27744736204782683
0.39475419736776607
-0.5087808422051665
-1.1976130721822438
-0.3894373023162305
0.25797100819130314
0.3967909019367628
0.9276906512874052
-1.126223037364806
-0.9297273558564019
0.06431030541494398
-0.5453330783736687
0.5854877720741402
1.3120849287701384
-0.6050455707056096
0.9276906512874052
-1.126223037364806
-0.9297273558564019
0.06431030541494398
-0.5453330783736687
0.5854877720741402
1.3120849287701384
-0.6050455707056096
-0.5087808422051665
-0.39475419736776607
-0.3894373023162305
1.1976130721822438
0.3967909019367628
-0.25797100819130314
0.27744736204782683
-1.850338277741313
-0.5087808422051665
-0.39475419736776607
-0.3894373023162305
1.1976130721822438
0.3967909019367628
-0.25797100819130314
0.27744736204782683
-1.850338277741313
-0.8971026224537042
0.12464579746707266
0.31050768887240515
-0.6356335995393099
0.35636735716303863
-0.5070033703808092
-0.8512429541630708
0.25327602662557347
-0.8971026224537042
0.12464579746707266
0.31050768887240515
-0.6356335995393099
0.35636735716303863
-0.5070033703808092
-0.8512429541630708
0.25327602662557347
-0.4136075515041017
0.01460968970026813
-0.10269714561967119
-0.9279498840320443
-0.23911765405496743
0.0973802505681354
-0.5500280599393981
1.0399398243004478
-0.4136075515041017
0.01460968970026813
-0.10269714561967119
-0.9279498840320443
-0.23911765405496743
0.0973802505681354
-0.5500280599393981
1.0399398243004478
-0.6356335995393099
-0.31050768887240515
-0.5070033703808092
-0.35636735716303863
0.25327602662557347
0.8512429541630708
0.12464579746707266
0.8971026224537042
-0.6356335995393099
-0.31050768887240515
-0.5070033703808092
-0.35636735716303863
0.25327602662557347
0.8512429541630708
0.12464579746707266
0.8971026224537042
-0.9279498840320443
0.10269714561967119
0.0973802505681354
0.23911765405496743
1.0399398243004478
0.5500280599393981
0.01460968970026813
0.4136075515041017
-0.9279498840320443
0.10269714561967119
0.0973802505681354
0.23911765405496743
1.0399398243004478
0.5500280599393981
0.01460968970026813
0.4136075515041017
-0.35636735716303863
0.5070033703808092
0.8512429541630708
-0.25327602662557347
0.8971026224537042
-0.12464579746707266
-0.31050768887240515
0.6356335995393099
-0.35636735716303863
0.5070033703808092
0.8512429541630708
-0.25327602662557347
0.8971026224537042
-0.12464579746707266
-0.31050768887240515
0.6356335995393099
0.23911765405496743
-0.09738025056813546
0.5500280599393981
-1.0399398243004478
0.4136075515041017
-0.014609689700268186
0.10269714561967119
0.9279498840320441
0.23911765405496743
-0.09738025056813546
0.5500280599393981
-1.0399398243004478
0.4136075515041017
-0.014609689700268186
0.10269714561967119
0.9279498840320441
-0.25327602662557347
-0.8512429541630708
-0.12464579746707266
-0.8971026224537042
0.6356335995393099
0.31050768887240515
0.5070033703808092
0.35636735716303863
-0.25327602662557347
-0.8512429541630708
-0.12464579746707266
-0.8971026224537042
0.6356335995393099
0.31050768887240515
0.5070033703808092
0.35636735716303863
-1.0399398243004478
-0.5500280599393981
-0.014609689700268186
-0.4136075515041017
0.9279498840320441
-0.10269714561967119
-0.09738025056813546
-0.23911765405496743
-1.0399398243004478
-0.5500280599393981
-0.014609689700268186
-0.4136075515041017
0.9279498840320441
-0.10269714561967119
-0.09738025056813546
-0.23911765405496743
-1.353179100916987
-0.29662183864507335
0.17871687192034225
-1.2304746280628174
0.8947658779894387
-0.027525259872576424
-0.6371300948478903
0.9063275295451675
-1.353179100916987
-0.29662183864507335
0.17871687192034225
-1.2304746280628174
0.8947658779894387
-0.027525259872576424
-0.6371300948478903
0.9063275295451675
-1.2361760421203807
-0.19597993753363427
0.02234473671908066
-1.1854041376005986
0.6828223321389568
0.29092042458751
-0.5756984467005045
1.2803446246544743
-1.2361760421203807
-0.19597993753363427
0.02234473671908066
-1.1854041376005986
0.6828223321389568
0.29092042458751
-0.5756984467005045
1.2803446246544743
-1.2304746280628174
-0.17871687192034225
-0.027525259872576424
-0.8947658779894387
0.9063275295451675
0.6371300948478903
-0.29662183864507335
1.353179100916987
-1.2304746280628174
-0.17871687192034225
-0.027525259872576424
-0.8947658779894387
0.9063275295451675
0.6371300948478903
-0.29662183864507335
1.353179100916987
-1.1854041376005986
-0.02234473671908066
0.29092042458751
-0.6828223321389568
1.2803446246544743
0.5756984467005045
-0.19597993753363427
1.2361760421203807
-1.1854041376005986
-0.02234473671908066
0.29092042458751
-0.6828223321389568
1.2803446246544743
0.5756984467005045
-0.19597993753363427
1.2361760421203807
-0.8947658779894387
0.027525259872576424
0.6371300948478903
-0.9063275295451675
1.353179100916987
0.29662183864507335
-0.17871687192034225
1.2304746280628174
-0.8947658779894387
0.027525259872576424
0.6371300948478903
-0.9063275295451675
1.353179100916987
0.29662183864507335
-0.17871687192034225
1.2304746280628174
-0.6828223321389568
-0.29092042458751
0.5756984467005045
-1.2803446246544743
1.2361760421203807
0.19597993753363427
-0.02234473671908066
1.1854041376005986
-0.6828223321389568
-0.29092042458751
0.5756984467005045
-1.2803446246544743
1.2361760421203807
0.19597993753363427
-0.02234473671908066
1.1854041376005986
-0.9063275295451675
-0.6371300948478903
0.29662183864507335
-1.353179100916987
1.2304746280628174
0.17871687192034225
0.027525259872576424
0.8947658779894387
-0.9063275295451675
-0.6371300948478903
0.29662183864507335
-1.353179100916987
1.2304746280628174
0.17871687192034225
0.027525259872576424
0.8947658779894387
-1.2803446246544743
-0.5756984467005045
0.19597993753363427
-1.2361760421203807
1.1854041376005986
0.02234473671908066
-0.29092042458751
0.6828223321389568
-1.2803446246544743
-0.5756984467005045
0.19597993753363427
-1.2361760421203807
1.1854041376005986
0.02234473671908066
-0.29092042458751
0.6828223321389568
-0.88959505792832
-0.26987282694135073
0.04773834523456452
-0.8367471715565227
0.5832931350283951
0.053284660168334774
-0.3540402681344894
0.6201590047835067
-0.88959505792832
-0.26987282694135073
0.04773834523456452
-0.8367471715565227
0.5832931350283951
0.053284660168334774
-0.3540402681344894
0.6201590047835067
-0.8976628748708333
-0.14551991830398672
0.0003599651623670541
-0.7203852712275015
0.5279237466478548
0.2089571236270402
-0.3700990933853455
0.783822476550555
-0.8976628748708333
-0.14551991830398672
0.0003599651623670541
-0.7203852712275015
0.5279237466478548
0.2089571236270402
-0.3700990933853455
0.783822476550555
-0.8367471715565227
-0.04773834523456452
0.053284660168334774
-0.5832931350283951
0.6201590047835067
0.3540402681344894
-0.26987282694135073
0.88959505792832
-0.8367471715565227
-0.04773834523456452
0.053284660168334774
-0.5832931350283951
0.6201590047835067
0.3540402681344894
-0.26987282694135073
0.88959505792832
-0.7203852712275015
-0.0003599651623670541
0.2089571236270402
-0.5279237466478548
0.783822476550555
0.3700990933853455
-0.14551991830398672
0.8976628748708333
-0.7203852712275015
-0.0003599651623670541
0.2089571236270402
-0.5279237466478548
0.783822476550555
0.3700990933853455
-0.14551991830398672
0.8976628748708333
-0.5832931350283951
-0.053284660168334774
0.3540402681344894
-0.6201590047835067
0.88959505792832
0.26987282694135073
-0.04773834523456452
0.8367471715565227
-0.5832931350283951
-0.053284660168334774
0.3540402681344894
-0.6201590047835067
0.88959505792832
0.26987282694135073
-0.04773834523456452
0.8367471715565227
-0.5279237466478548
-0.20895712362704022
0.3700990933853455
-0.783822476550555
0.8976628748708333
0.1455199183039867
-0.0003599651623670541
0.7203852712275015
-0.5279237466478548
-0.20895712362704022
0.3700990933853455
-0.783822476550555
0.8976628748708333
0.1455199183039867
-0.0003599651623670541
0.7203852712275015
-0.6201590047835067
-0.3540402681344894
0.26987282694135073
-0.88959505792832
0.8367471715565227
0.04773834523456452
-0.053284660168334774
0.5832931350283951
-0.6201590047835067
-0.3540402681344894
0.26987282694135073
-0.88959505792832
0.8367471715565227
0.04773834523456452
-0.053284660168334774
0.5832931350283951
-0.783822476550555
-0.3700990933853455
0.1455199183039867
-0.8976628748708333
0.7203852712275015
0.0003599651623670541
-0.20895712362704022
0.5279237466478548
-0.783822476550555
-0.3700990933853455
0.1455199183039867
-0.8976628748708333
0.7203852712275015
0.0003599651623670541
-0.20895712362704022
0.5279237466478548
-0.16036785343934667
-0.06413325983593124
-0.02716303101083549
-0.1445123370458377
0.05280892169471279
-0.011922390177880396
-0.0803959007337984
0.06845668703202606
-0.16036785343934667
-0.06413325983593124
-0.02716303101083549
-0.1445123370458377
0.05280892169471279
-0.011922390177880396
-0.0803959007337984
0.06845668703202606
-0.1711985077298171
-0.015170905010457179
-0.03850468533376192
-0.0956538577484615
0.04136339184368852
0.03744708915195186
-0.09133043055236664
0.11793004188995616
-0.1711985077298171
-0.015170905010457179
-0.03850468533376192
-0.0956538577484615
0.04136339184368852
0.03744708915195186
-0.09133043055236664
0.11793004188995616
-0.1445123370458377
0.02716303101083549
-0.011922390177880396
-0.05280892169471279
0.06845668703202606
0.0803959007337984
-0.06413325983593124
0.16036785343934667
-0.1445123370458377
0.02716303101083549
-0.011922390177880396
-0.05280892169471279
0.06845668703202606
0.0803959007337984
-0.06413325983593124
0.16036785343934667
-0.0956538577484615
0.03850468533376192
0.03744708915195186
-0.04136339184368852
0.11793004188995616
0.09133043055236664
-0.015170905010457179
0.1711985077298171
-0.0956538577484615
0.03850468533376192
0.03744708915195186
-0.04136339184368852
0.11793004188995616
0.09133043055236664
-0.015170905010457179
0.1711985077298171
-0.05280892169471279
0.011922390177880396
0.0803959007337984
-0.06845668703202606
0.16036785343934667
0.06413325983593124
0.02716303101083549
0.1445123370458377
-0.05280892169471279
0.011922390177880396
0.0803959007337984
-0.06845668703202606
0.16036785343934667
0.06413325983593124
0.02716303101083549
0.1445123370458377
-0.04136339184368852
-0.03744708915195187
0.09133043055236664
-0.11793004188995618
0.1711985077298171
0.015170905010457168
0.03850468533376192
0.09565385774846148
-0.04136339184368852
-0.03744708915195187
0.09133043055236664
-0.11793004188995618
0.1711985077298171
0.015170905010457168
0.03850468533376192
0.09565385774846148
-0.06845668703202606
-0.0803959007337984
0.06413325983593124
-0.16036785343934667
0.1445123370458377
-0.02716303101083549
0.011922390177880396
0.05280892169471279
-0.06845668703202606
-0.0803959007337984
0.06413325983593124
-0.16036785343934667
0.1445123370458377
-0.02716303101083549
0.011922390177880396
0.05280892169471279
-0.11793004188995618
-0.09133043055236664
0.015170905010457168
-0.1711985077298171
0.09565385774846148
-0.03850468533376192
-0.03744708915195187
0.04136339184368852
-0.11793004188995618
-0.09133043055236664
0.015170905010457168
-0.1711985077298171
0.09565385774846148
-0.03850468533376192
-0.03744708915195187
0.04136339184368852
