-0.46243963139116917
0
-0.38343510035140904
0
-0.332375587716902
0
-0.3168576403489337
0
-0.33162242765695815
0
-0.36464103625928634
0
-0.4056438137080546
0
-0.4503334757269992
0
-0.4993797496644299
0
-0.5541307182470727
0
-0.611142120257258
0
-0.6595906601057091
0
-0.6846892447638977
0
-0.6748470155702787
0
-0.6275176983877119
0
-0.5509746269366924
0
-0.14506440482540994
0
0.10940767564036258
0
0.25104630426473157
0
0.2242617393393242
0
0.11428230791189567
0
0.02928012623828094
0
-0.020232976803074287
0
-0.05211979441410275
0
-0.07518038645452925
0
-0.15105641893182653
0
-0.32414232078264604
0
-0.5336205226027183
0
-0.6781222565939244
0
-0.6979933374377799
0
-0.5936347000623553
0
-0.39920790117685234
0
-0.11598188824840974
0
0.19271166751246444
0
0.42479107857736287
0
0.35152882174726385
0
0.21908615234608206
0
0.2913952176261515
0
0.31668373947707557
0
0.22678224963144883
0
0.30579449822477617
0
0.3395671827592236
0
0.07754540392880552
0
-0.24790136978787647
0
-0.4335059417500626
0
-0.44877866239860564
0
-0.3431536788655544
0
-0.2540457433999948
0
-0.4416359613342258
0
-0.29519659081077404
0
-0.028572531178589794
0
-0.06752694137025737
0
-0.10832507621483262
0
0.32263353440180387
0
0.37927042702542124
0
-0.06211878340645892
0
0.1858403518766788
0
0.4675744299160534
0
0.13686856683265647
0
-0.12215571631144724
0
-0.18165010396980324
0
-0.18458726787415605
0
-0.05470308458752858
0
-0.17153007609498694
0
-0.5676812359505184
0
-0.6524074725295871
0
-0.5243629996841097
0
-0.4441804076457949
0
-0.49389975912239803
0
0.12839478559778797
0
0.1557711835219588
0
-0.7534382577232597
0
-0.19788961463262567
0
0.3636552982248201
0
-0.025393613403177168
0
-0.05605518990489877
0
0.02404679569052606
0
-0.16673575917936834
0
0.02203398305783727
0
-0.026608257362206095
0
-0.18089350052790748
0
-0.3004313950086288
0
-0.4679520540772961
0
-0.21210050893398444
0
-0.5380676891244679
0
-0.19430243039460943
0
-0.05473513890941406
0
-1.1250887561795788
0
-0.29000552743027996
0
0.33491821353827045
0
-0.021657741694106558
0
0.15501723015648072
0
0.21077555571155843
0
-0.4097751196598256
0
-0.22832283812754528
0
0.18090383230241688
0
0.25527130575569656
0
0.3569715905204155
0
-0.022828768001454558
0
0.43797920671776214
0
-0.24212712946500237
0
-0.4418101604896292
0
0.0845148010156139
0
-0.7196696196655008
0
-0.012467049825039822
0
0.3210423262044414
0
0.19148868876595165
0
0.3580268374547887
0
0.28523579206770644
0
-0.6845171593783856
0
-0.6259435490013345
0
0.28512106994824515
0
0.1420072274775275
0
0.49242167715095103
0
0.20509692583023992
0
0.8168581853508275
0
0.08199476484612253
0
-0.4048560273131626
0
0.5328023535413124
0
0.07368217275653986
0
0.1827646994290509
0
0.0981346003235998
0
0.32122764559988914
0
0.21888440244869986
0
0.1463797948615828
0
-0.730168426547827
0
-0.8149812214799251
0
0.23233560593617164
0
-0.359042436051137
0
0.03644090651093629
0
0.04030838239695955
0
0.588419915086555
0
0.20022684184942446
0
-0.08488147560974318
0
0.8441130030544246
0
0.4445784437170082
0
-0.002870158608153671
0
-0.20928199037455325
0
0.2320841128131373
0
-0.23550776851869945
0
-0.060727313308235664
0
-0.44140566761272926
0
-0.5898773745247918
0
0.20585269442285342
0
-0.5111743226926649
0
-0.24603626800051318
0
-0.10499074844347892
0
0.071783783159344
0
0.12066707909507617
0
0.2456678917409363
0
0.6479106810109454
0
0.08251020743984086
0
-0.33316932285604195
0
-0.23266953462334788
0
0.10407077355923391
0
-0.5771054696296052
0
-0.04069003826694973
0
0.07874585615489005
0
-0.08846906004632968
0
0.3712585751182451
0
-0.027644503396154582
0
0.12018126118546656
0
0.07127294217037547
0
-0.2759766872691619
0
-0.04950783125145815
0
0.3030784206758178
0
0.08874301266400926
0
-0.530009313848477
0
-0.423493325292648
0
0.07097677684765909
0
0.08341541406872444
0
-0.5293637374616096
0
0.2424264698954871
0
0.5579829826806414
0
0.33589878346913266
0
0.604241259517132
0
0.5195261332406198
0
0.6458155793196226
0
0.30500756645761046
0
-0.37380291300714413
0
-0.23414861015508046
0
0.09766967126818049
0
-0.3318507029416311
0
-0.7415832871541186
0
-0.2329002330502032
0
0.32066426761026967
0
0.05918695289499727
0
-0.3042579189811183
0
0.4362111373338667
0
0.6805339418765276
0
0.3983463629693457
0
0.5943392658173062
0
0.4527703807776666
0
0.5838830102842082
0
0.18388730922698446
0
-0.41388179598886077
0
-0.3705384722444563
0
-0.11639351489555336
0
-0.3305826514679454
0
-0.4477831347709933
0
-0.014609895942612666
0
0.2384970138294036
0
-0.10555038292882796
0
-0.26640996478329837
0
0.2104510207354856
0
0.3143337664661662
0
0.062429215728752485
0
0.19601114374397416
0
-0.17417827331041033
0
-0.06716542274281345
0
-0.25727139439098756
0
-0.4975988737157371
0
-0.419112530997715
0
-0.19367636964508828
0
-0.13139045880039107
0
-0.09293111205323737
0
0.02691757552723554
0
-0.04221447256977584
0
-0.3387613352394207
0
-0.46049913341418286
0
-0.31691657561010134
0
-0.3187330050768106
0
-0.4596869125948758
0
-0.39758151619902055
0
-0.7318681833179924
0
-0.6543346319178395
0
-0.6251980061956018
0
-0.5798990709542392
0
-0.44680676431422817
0
-0.2703570922305498
0
-0.14498597370618374
0
-0.10254026204129899
0
-0.15018455217117171
0
-0.3028532009859042
0
-0.5057349917227076
0
-0.64968349530265
0
-0.7162343745419437
0
-0.7771055992809054
0
-0.8335115934809014
0
-0.8177510867373436
0
-0.7968089109565752
0
-0.7572725943785703
0
-0.7039833349393919
0
-0.6405403729092211
0
-0.5729112242741115
0
-0.5122417228983468
0
-0.4724481348797799
0
-0.4643250119429303
0
-0.49097282606084425
0
-0.5463469670502441
0
-0.6171936471567327
0
-0.6885464635075005
0
-0.7494158984952817
0
-0.7937062267254853
0
-0.8174777096828669
0
-0.8182323270332861
0
