-1.0058406897376604
0.1551343224202891
-0.9776613351716859
0.1267814769075895
-0.9729610894732761
0.10502290729599234
-0.9867902017880907
0.08963199860270304
-1.012494818663044
0.09148281167317229
-1.045125289581513
0.12401983880152348
-1.084392748262982
0.18890301993047756
-1.1314492825482736
0.2697888120324571
-1.1796928843138985
0.3385370096953706
-1.2123006385728377
0.3699618503256641
-1.2129564501791945
0.3560865482192822
-1.1784021494489467
0.3089489987568661
-1.1200595964543967
0.24974624519290803
-1.0566693799731046
0.19577988900068888
-0.1645003133246199
0.12132137727374126
-0.1112063353986455
0.2181283381155883
-0.12145534114775924
0.2545396555087278
-0.1713609296164251
0.13742647321732232
-0.25718509066297024
-0.01368564921797255
-0.30768022149253277
-0.043135852381063156
-0.31846722443605024
0.07926077982494112
-0.4082595473117133
0.2935465382517979
-0.6203744184231015
0.48307173239486034
-0.8198028130026711
0.5224617509173516
-0.8555322013070534
0.38340835166303316
-0.7335638027216597
0.1972825900551013
-0.5398606900679792
0.10363156949847006
-0.32550162982588626
0.08583797876970295
0.59752646714323
0.11434776953208328
0.6295615410316967
0.4718176491374501
0.6282437308936594
0.6931563739598412
0.6084282802282548
0.3859389700918836
0.39345219641486495
0.009803779952856723
0.31012754648858937
-0.07947551095979419
0.46174507367457374
-0.015164732033809164
0.4403786206053527
0.12066562673749537
0.06932913334018156
0.23974148524314723
-0.3351961205026487
0.1978117777034486
-0.39205181543585277
-0.11074511215753832
-0.2118889363657307
-0.39064308977230366
-0.035564551306318914
-0.22287077668841898
0.2812693032388237
0.002153364869982048
0.7468782675846948
-0.06978612052820939
0.6498851144466229
0.4085084083266235
0.6409015810209204
0.8015454895593507
0.7254131703087795
0.28157221232064994
0.3717508382532792
-0.15935194103804912
0.28794700984603067
-0.06525460814291867
0.6068039671180518
-0.051564148646231184
0.6755713388560364
-0.11532892778030106
0.33904666545049633
-0.20985143803750816
-0.11578987162663812
-0.2662116709022665
-0.1566305595100156
-0.5539674875188214
0.04288842371754523
-0.9354772533545798
-0.017362815613115257
-0.3742064892451424
0.26547275875593523
0.07500970407818162
0.4550442920746408
-0.40872310063224143
0.16190799616730714
-0.08224995407013114
0.08238629088138705
0.3854776532688446
0.23190565860641446
-0.16507053152262446
-0.09685756584532464
-0.48532731072908947
-0.006178554893128796
-0.08274700314073921
0.3114865892614132
-0.0975011759149863
0.3330255848717252
-0.2363794269056601
0.2697337702016067
-0.43916622420929713
-0.027282693171876454
-0.3426203636764746
-0.0932059213012177
-0.29482202436302035
0.15727334218306344
-0.8936046396721822
-0.118230914164287
-0.206994607281104
-0.04029479265528618
0.25561512912691764
0.1488872688403584
-0.5648278012196173
-0.20299749111651194
-0.5197787118122015
-0.3409655535146595
-0.03026818209189433
-0.2619985992341667
-0.27333338119760275
-0.3654377970049185
-0.4867266784600741
-0.0021576379289354186
-0.003769028823386398
0.11408002909408363
-0.1865540366606327
-0.013281399843209751
-0.24744945069269356
0.23204351051112604
-0.296239289601275
0.14079134452652092
-0.051042968857117635
-0.04646837078736263
0.40409525139860425
0.2871648362098928
-0.4332876950114905
0.08080123078735069
0.006838567705285431
-0.12458073468761173
0.3749790674648885
-0.025102855312118616
-0.30160914523098414
-0.16520777701907302
-0.45063854246156293
-0.2481598768047148
0.017953330849740073
-0.32425127547842325
0.24784833121678168
-0.2173506603293184
0.0043528887214889095
0.18048518014128323
0.2848345727397904
0.06487471576275974
-0.2373538051600254
-0.056331457343682764
-0.25599581592596865
0.2857485709062745
0.03234179433937956
0.2766058659793398
0.1791633659076704
-0.027844821734407804
0.6983257120900093
0.2877732586226947
-0.1565023289378336
0.35726841752587674
-0.031787269139379126
-0.009640304887787277
0.33351392393135226
-0.1247974197954174
0.15064970714248668
0.0456840482488757
-0.04190843998806058
0.07848744490346488
0.26653113734835776
-0.09300243358315946
0.7235890211941003
-0.006882276914985885
0.43179763294293627
0.01297514085134066
0.5822839680308642
-0.16764874099037563
-0.17426027207626402
0.005190001784130455
-0.2666733754074803
0.18916039839528054
0.3500280862266059
0.1426294401385873
0.20418334641863514
-0.1048210012721203
0.3483739492736973
0.013876374899538718
-0.23496890460953868
0.2526231255007383
-0.23565206023405488
-0.011231042512728967
0.17096256498524487
-0.09288796597562365
0.3373540026271795
0.1626028136625802
0.18887859213356334
0.20648785008474274
0.1830840696620989
0.07931857605879489
0.42511244467927983
-0.00402476684139047
0.21931687038559206
-0.4741684296584474
0.5543896763847748
-0.5428122933814039
-0.06360266906707567
-0.036362280942096925
-0.21062305496825648
-0.12350949738747308
0.5867281147422079
-0.22293300369509098
0.2813737196535875
-0.22310756486494535
-0.020468117784486373
-0.32660469403955245
-0.26744046002536626
-0.14207202209840492
-0.29830427304015183
-0.10377924185068609
-0.027582920332218153
0.15110151743206354
0.1417239335535433
0.18584359461635439
0.09391059866907925
0.09748240066016539
-0.17129821162490902
0.10966367374345888
-0.32632598495106135
-0.00997691016530139
-0.37463725705518025
-0.613639181155008
0.20319823926851346
-0.5615973513538168
-0.041045117722196434
-0.060958590310639216
-0.13329865037362698
-0.4015436661811991
0.6378605938290313
-0.5460699806500979
0.48368667892510747
-0.3051409126006269
0.06731847225221074
-0.4251286505095422
-0.018860714407891124
-0.3160211014429553
-0.1676405154747729
0.004593110613803381
-0.2100282693723939
0.3929032583622425
-0.09865926933335918
0.17679771038726477
0.021637723465701572
-0.017307394721775227
-0.2218230037539131
0.13337225944742542
-0.5559149438798421
0.20304160063476964
-0.5591037615489824
-0.10721370392245697
-0.08279176146614367
-0.060900067340845083
-0.12168232814706656
0.06104550728290606
-0.17150464376177663
-0.4628975797610791
0.36308702929161357
-0.6936535385087362
0.461535285524883
-0.4190663770327995
0.2522925150897597
-0.3540756008337762
0.1710572242096421
-0.1699215328737506
-0.09751120519832107
0.24957927341413583
-0.3274189076927335
0.253787223200501
-0.07304711503525117
0.04045391809651104
0.212572340425086
-0.08100005946018754
0.20548504694173972
0.13817510891406135
-0.01029635971054585
0.39590645044293327
-0.10243059381242126
0.4229938249373795
-0.03217866968685766
0.3758564269380562
-0.17446143596741726
0.11858188332379271
-0.31086071230521817
-0.4544755236728253
-0.1291481222910236
-0.776306050164384
0.022350523288087953
-0.6613010708711513
0.023954261519985948
-0.4609092323907638
-0.03232273137363678
-0.1760393086723714
-0.21617663683666066
0.16974468518835825
-0.31508898611796365
-0.2749798317318929
0.1028244273594003
-0.293480364115998
0.4013316490170605
-0.2536339472516532
0.5457025198051857
-0.06688464650358195
0.5018137999650885
0.15372126246134296
0.3572885052654433
0.24759817123515307
0.1558838762999326
0.14762486946187434
-0.10913020885611102
-0.16040306377770971
-0.3368761654559385
-0.57545381857709
-0.4195009191057739
-0.863060008435627
-0.40266753131564714
-0.9065191545740738
-0.3658128448766707
-0.7768418331378869
-0.33792700989442054
-0.5622065446003472
-0.30378685304310665
-0.35837542007618944
-0.17397399206770847
-0.699902114898955
0.10234395962421086
-0.6367192418714192
0.21833975603954972
-0.5700050903769358
0.28812565790865163
-0.5025443759695574
0.29220821290842
-0.4530092462520935
0.23112976649108485
-0.4469583944520157
0.12138709499168887
-0.49933090655892287
-0.010357757512945528
-0.6021483041343684
-0.1331511558715895
-0.7241762495915589
-0.2217395768780493
-0.8248823876521556
-0.26478281320443164
-0.8756110247819643
-0.2628459977433628
-0.871415842361103
-0.2201951005037201
-0.8269715636665166
-0.13988572001320154
-0.7643376496863279
-0.027035662483529246
