0.04712540517216957
-0.2786133054666963
0.07795236033667284
-0.2506578620005357
0.12499815300786235
-0.21448120562310272
0.16575760209622253
-0.1757667614620569
0.1811944927969414
-0.13961253784447947
0.17119088194142054
-0.11087522380809176
0.15313731122850968
-0.09217349508951488
0.14441602540007017
-0.08401979338788484
0.145501731353061
-0.08926996709623747
0.14193035829548883
-0.11505504974849724
0.12275139551738
-0.1640802535438147
0.09168105046279372
-0.2238901485845449
0.060916046387482985
-0.27106267627436126
0.042696256930738086
-0.2890286019465958
-0.07243477731038407
-0.3164890582039351
0.04225177052295934
-0.2622892051888133
0.281382549840522
-0.21480332522792328
0.4781406507301146
-0.13883748565697523
0.47637658572834485
-0.06849585470543414
0.30077099264192103
-0.026498657464298102
0.09743294467341969
-0.022248923345853495
0.043078592112310306
-0.0011567155480047104
0.15198282213080927
0.0990201821519846
0.20421149295108854
0.16926353269079883
0.0979972808673023
0.05128860801905143
-0.015351452393100812
-0.2195852514624704
-0.051498804276442
-0.4166778795516671
-0.07186344491172096
-0.4093024682340138
-0.015233357629345263
-0.14785902164358874
0.09930033054795213
-0.247633464185238
0.4567937456662264
-0.24399565289156086
0.7147626579161983
-0.07522053788947614
0.6209684759788164
-0.03771596958631984
0.3839793693755326
-0.04654083419553637
0.017876461423278832
-0.14110341566466544
-0.18539430248023708
-0.19835257926308048
0.06571621181272273
0.1448765290437001
0.1267314263138483
0.4948461689618166
-0.2420617397381209
0.39280287053369095
-0.3651172813463708
-0.11565142877111005
-0.1485191064471198
-0.45381508442941937
-0.018721509260464966
-0.29825706929553847
0.18117843524426464
0.06548293731743521
0.20686991816722078
-0.33156746201781695
0.40324995898081556
-0.3017204900697966
0.40920800188014456
0.13729730942229093
0.12740740283429275
0.024085677534602414
0.3254768652068618
-0.07684692336979186
0.16618021220481807
-0.26115170379765995
-0.3345013085285107
-0.4926198532418349
-0.060624383345281536
0.1354444364714997
-0.040520184261007036
0.5791420411370879
-0.654120196722209
0.4946263398898745
-0.6252044861528844
-0.035880770320561514
-0.14504905804421522
-0.3351994716586762
0.07689356484066018
0.04204338407790528
0.30090486492264107
0.18707818296097517
0.256292897890747
-0.35643704401792925
0.11972962296545664
-0.3244031257395045
-0.27064649722004047
0.4129886120233062
-0.7635642253777167
0.13979442843991022
0.1923816609335422
0.0408311781790346
0.4934339252046559
-0.11710316334804874
-0.33525406163902555
-0.5430353118684352
-0.14198923246015005
0.2953349066432244
-0.08927462116448345
0.3019006281511282
-0.5930553560067192
0.17373396303616812
-0.35348644333729995
-0.07483751248637671
-0.05634478299437411
-0.12493534361771026
-0.040898119209646346
0.4480892983942864
0.22564355733435926
0.21802184657417997
0.18709560823139845
-0.07215925100103737
-0.1347033135842448
-0.3352243808826918
-0.6598308331424477
0.40019298152765725
-1.1903384861366284
0.21037847642760552
0.20420550456584868
0.32464393294095206
0.6521686423403209
0.2870592094103178
-0.3013712159644966
-0.2791445820264693
-0.12589130615127156
0.5989404589147425
0.02832455950687844
-0.148272398211213
-0.04356061216023541
-0.23646856871427324
0.21636906039173429
-0.1607910159589428
-0.07447409696037882
0.012695778494321297
-0.36594829890699443
0.6909331529532553
0.044464838168189864
0.19867797064808457
0.05515594418998782
0.4286645079221456
-0.15600895696442324
-0.420595823879114
-0.46082417548483545
-0.056939937066959295
-0.7332446991843724
0.14895070625044168
0.4533728911003895
0.5411139985222302
0.4422538840067275
0.5778221696288832
-0.31756870650843344
0.00025689924911076467
-0.02045771056598246
0.7324407465049372
0.1290793032757132
-0.4601699090449511
0.3735143235745957
-0.2533734803750729
0.35289368531259735
-0.15524789104645836
-0.34566866523571727
-0.03400842491281782
-0.6072559280864023
0.6522361953302245
-0.1108678275454376
0.12208139362555592
-0.022909956282385305
0.7044791886208177
0.006377013593114461
-0.5679468942858832
-0.0805195889510392
-0.5885799921332578
0.044494739544926915
0.02949992761755979
0.7328553084455957
0.4146527913323574
0.07415170754154829
0.3830677859254726
-0.3137226782287122
0.005480593007182122
0.11761005646857578
0.5164555434911589
0.08095330181059417
-0.48566195282823316
0.23563087957466838
0.13470748945633354
-0.1729691995976701
-0.05343314302757619
-0.7188670232124013
-0.18430873939139547
-0.5751576412313881
0.4366190214675118
-0.2229528437259093
-0.015035482683519785
0.012512703731419765
0.4756062430333354
0.1897857489652752
-0.6303881361087834
0.0075539625055339454
-0.6662899757798346
0.34646640559200526
0.01731186755235901
0.7522502870984317
-0.022077618149430815
-0.11493959810553651
-0.20281993595793615
-0.20569083193188464
-0.1836949880808056
0.21639564286713978
0.18217490802769898
0.0019823184418183565
-0.30947112675435484
-0.11764970775022959
0.45466250065200553
-0.720297359424627
0.0012915281266696107
-0.859408493753301
-0.25210465873641824
-0.4106139263312486
0.25843700034982653
-0.3254782601866176
-0.15757350569010747
0.11127748298223311
-0.028718373958203106
0.3217980105422864
-0.4997884179738658
-0.11576558132238796
-0.23501920591935344
0.10911970056454666
0.16184054020970232
0.47951862370419757
-0.3911222133042039
-0.0738179199185155
-0.6535881415869519
-0.06136548245512757
-0.24544093612262408
0.22673556144781892
0.08053363118976917
0.06884633898556076
-0.09672305977792081
-0.1124647092061597
0.3599245412375332
-0.624626374476222
-0.09073483993182074
-0.633695361886809
-0.1845222053402386
-0.34568798606170326
0.19458507105996692
-0.3781992630535735
-0.24696944416306932
0.1721247976397683
-0.3598777082038803
0.3978333148227019
-0.25374583579404314
-0.08881090134897575
0.24192733170890368
-0.12346673931657032
0.33267159142252634
0.154546360650555
-0.36483412333630527
-0.016263285297458012
-0.5718159640251284
-0.021408993764836542
-0.04214869464977628
0.14786963454698368
0.23250418382530177
0.22745442319597306
0.04927755910641711
0.23757498075106637
0.020393682802776675
-0.061568411660835785
-0.25538759837128894
-0.2645312738973361
-0.12486788113877033
-0.38151990615583437
0.11921356667552332
-0.3137067573375606
-0.2795163938013882
0.13821687806708133
-0.36003895192290997
0.36422557375415054
-0.06940832693747864
0.0970859015012495
0.36534383246329305
-0.07030575626839743
0.3744890698338541
-0.019491161981029403
-0.038944497066261935
-0.0683263287364848
-0.12221716503908274
-0.0962200894557143
0.22068660131060008
0.024926054307599095
0.35023042614303274
0.25207643041275557
0.0982801151304108
0.41318953283098453
-0.1879970579871649
0.27534667265932156
-0.3402582362639486
-0.05330888898810813
-0.1871517612543623
-0.3503212016414811
-0.06664007269377305
-0.1760219097371524
-0.25644263347906743
0.033997455473682714
-0.21634711189855355
0.1767445741195337
-0.022407667963883385
0.12805654942758735
0.200263819778021
0.014623158590470649
0.2616306405020629
-0.06687616255084888
0.19050717791906435
-0.1328357565068362
0.18918744562323708
-0.15546354177161475
0.2732362586031615
-0.07941783684855182
0.25318200896723125
0.07527704511956587
0.061781327648873445
0.18760118630196118
-0.165844893978206
0.13639918469877862
-0.28108629300399796
-0.05228208413341548
-0.25903315043167124
-0.21297919861114126
-0.22808342980686597
-0.09874707666503921
-0.13318080560875245
-0.07108585266689908
-0.09235999800387687
-0.047974752563627855
-0.03405762693481058
-0.04614996836007341
0.026373103005755526
-0.06547297395118608
0.07211600529474989
-0.09405437815397272
0.09739387014470036
-0.11807571980393955
0.1046983468916594
-0.1267626707591452
0.09242683126331028
-0.11674100494164925
0.05464702343248448
-0.09623284794756229
-0.005850694132955851
-0.08167770809054738
-0.07197897137630056
-0.08475545248981732
-0.12324297169564763
-0.10050866082502617
-0.14950919275666152
-0.11015672646354553
-0.15200536163891712
