0.1166480202075221
0
0.09394882135694732
0
0.04870190569324616
0
-0.020365622695407398
0
-0.11681712075426465
0
-0.2357747195589161
0
-0.35824479680784743
0
-0.45523335973315066
0
-0.4998012409647959
0
-0.47927246889222014
0
-0.3995177067734136
0
-0.28032683249458296
0
-0.1474320056640688
0
-0.026213018339498254
0
0.0629462550614345
0
0.10972051035464046
0
0.29099501571045144
0
0.1774089256145131
0
0.1931475433152506
0
0.21852206004502753
0
0.11880794468716
0
-0.15037467139724692
0
-0.5390105359298121
0
-0.887865258343535
0
-1.0234059697283102
0
-0.9031216928845401
0
-0.6138561446640124
0
-0.2734549727639575
0
0.04256772341775672
0
0.3091068918140329
0
0.4740499056729562
0
0.45307420039714597
0
-0.01486396675636606
0
-0.22431152360555356
0
0.06969281723664766
0
0.3049985059282051
0
0.2868389545788294
0
0.07240977422657968
0
-0.41317805480917713
0
-0.9161002505387336
0
-1.0240202808490426
0
-0.7386672880429463
0
-0.2870913924649375
0
0.1256812774398491
0
0.3317291530061351
0
0.4647980470223552
0
0.6391386144117368
0
0.49943730192406977
0
-0.2957385895973447
0
-0.5105749622281308
0
0.1230285325488184
0
0.23650766680684676
0
0.08739274576958603
0
0.1415145082920009
0
-0.1566176084109112
0
-0.5987358973171305
0
-0.5587560799173433
0
-0.2539436676347108
0
0.12659966117506904
0
0.588470373038932
0
0.5630309935747542
0
0.2866784705651383
0
0.48472651922724874
0
0.48374968284693154
0
-0.14951253154028873
0
-0.3481224071563783
0
0.4156426004502128
0
0.01097156535844783
0
-0.37142420200864135
0
-0.012324132443119307
0
-0.03753107135849772
0
-0.2312126691106264
0
-0.0035697187350830287
0
0.05757376205911391
0
0.03519030821382034
0
0.6095750664577895
0
0.5370459424428059
0
-0.1473507496179067
0
0.10000865249697247
0
0.5867395444139801
0
0.2134241611731994
0
-0.058028369265468074
0
0.5246638092911677
0
-0.31593804735485503
0
-0.5906844593216884
0
-0.19672044556813206
0
-0.18913945286848885
0
-0.06456605958717998
0
0.31026724004123807
0
0.12531867312380107
0
-0.42297833227522835
0
0.13492896712383023
0
0.16445465661718653
0
-0.6078714598719136
0
-0.3374133124505606
0
0.6554710516067429
0
0.29297932887820666
0
-0.0020437109740691767
0
0.27603981771116454
0
-0.5629674272511996
0
-0.2856118083451182
0
-0.2567604445330575
0
-0.49140007888856685
0
-0.10510140165992089
0
0.2836004839596582
0
0.19717500959853676
0
-0.586640782890249
0
-0.3066166533388741
0
-0.2975651260753577
0
-0.8207447259102489
0
-0.6296437681137207
0
0.41881742030485036
0
-0.003413048715304373
0
-0.0009533400631895339
0
0.08034528911085181
0
-0.588255127044518
0
0.21311728629157023
0
-0.24019331358128587
0
-0.656581382976788
0
-0.13673406350968026
0
0.05989432975167195
0
0.32755029861601964
0
-0.23972841902396613
0
-0.2418678062241232
0
-0.40336550459879006
0
-0.6365213964691367
0
-0.6458142174766897
0
-0.07857091936153031
0
-0.270637391776978
0
0.2828121419648094
0
0.27714401970367125
0
-0.4843971455532837
0
0.38091305795965696
0
-0.20731711081445844
0
-0.4750745536470536
0
0.04452629741922588
0
-0.07318266107566004
0
0.34072813744127395
0
0.1155265760852018
0
0.1478641857631241
0
-0.07396469217495155
0
-0.22925627560159834
0
-0.432326548236877
0
-0.44656242378208305
0
-0.20686019841000974
0
0.6530775530965063
0
0.529844437186948
0
-0.4608390778009147
0
0.18392952786541258
0
-0.06818658711287356
0
-0.04487576648211636
0
0.36002860874950293
0
0.06777033539096228
0
0.22489915340201
0
0.037768433687688244
0
0.2862569612565852
0
0.20547161714219275
0
-0.031552388740483696
0
-0.20981384341316645
0
-0.4004496798824212
0
0.007677406326720863
0
0.567610280516089
0
0.2898863121913404
0
-0.5451519848997666
0
0.04591421590584563
0
0.21854340225355243
0
0.24786915109355903
0
0.44145400000806395
0
0.31365321773276716
0
0.18592171336290766
0
-0.2465468460725321
0
-0.026762332769453542
0
-0.017647414279807094
0
-0.2829496185237112
0
-0.16030007637987234
0
-0.07815949342966005
0
0.08056258587554346
0
-0.006154251658237783
0
-0.3351307127159893
0
-0.5510664811342292
0
0.17537182115040584
0
0.4141873372086345
0
0.06804354965481496
0
0.00821154966877194
0
0.2675521946407784
0
0.2586145177399927
0
-0.2680855570608112
0
-0.3764810452650649
0
-0.5031204391148989
0
-0.6642143992060405
0
-0.19609417958474806
0
0.20600203549126817
0
0.09269290663809493
0
-0.40882405802497185
0
-0.6526519459692817
0
-0.3602672454644416
0
0.2924497863266416
0
0.23305109885536557
0
-0.4853852201233988
0
-0.7211659907577084
0
-0.18954900329760166
0
0.2109996708260109
0
-0.007931307938962691
0
-0.30820155920755365
0
-0.5748358549746773
0
-0.5927678434724517
0
-0.03730247803010013
0
0.3846628098764652
0
0.31584839729710373
0
-0.15235940045428928
0
-0.3198102585782954
0
-0.07707294773292825
0
0.155533847989646
0
-0.18551541427788182
0
-0.88758963393484
0
-1.1225790848683603
0
-0.6296827703211979
0
-0.014697833949417316
0
0.20213194830762324
0
0.110787172260841
0
-0.029115605579874963
0
0.0498797621986381
0
0.4079925642908068
0
0.6068662362943699
0
0.6573638488153617
0
0.4058975920654357
0
0.23521660601927213
0
0.15846597297785453
0
0.016285240261054004
0
-0.3104185373040706
0
-0.6765278453421738
0
-0.7815748975820127
0
-0.5185353439675123
0
-0.08497720621600442
0
0.26633494842714317
0
0.45688891614454114
0
0.5627015201263709
0
0.6830304158110169
0
0.8129991054507909
0
0.8285258238935466
0
0.6527971291568613
0
0.5672043902091354
0
0.4623904796841688
0
0.3477662754855155
0
0.2301097511572013
0
0.12341635515538342
0
0.053408046595131875
0
0.04633722893827022
0
0.11022400464315768
0
0.22751529083204758
0
0.36627919324635516
0
0.497800121437333
0
0.6051384226134141
0
0.6797591891144451
0
0.7149960059246641
0
0.7055441818488244
0
