0.11662803911749563
0
0.15502692723343744
0
0.15679942696927718
0
0.11072148173574163
0
0.020851386233437453
0
-0.08978382851285455
0
-0.1867136067363192
0
-0.24086601766958374
0
-0.24365014820124137
0
-0.2091101901067329
0
-0.16177817331724123
0
-0.11960362558134753
0
-0.0846149861903943
0
-0.047287052246426015
0
0.001114822433720255
0
0.05953906545649995
0
0.2615863610979929
0
0.40142400244734827
0
0.5064126452545852
0
0.478010875508752
0
0.24168265618503162
0
-0.1437228990078499
0
-0.47709092665585223
0
-0.5660896675167834
0
-0.38892431906834524
0
-0.0972548635250674
0
0.10310012411590347
0
0.10343627537848367
0
-0.019545349706675035
0
-0.0893574035609911
0
-0.022235993957049536
0
0.11853887754169903
0
0.15402019730314867
0
0.09797448248883656
0
0.23961578998521685
0
0.39709810005452906
0
0.33401940050005263
0
-0.0450772917219098
0
-0.4190393486478425
0
-0.40747298019452755
0
-0.04099466576762944
0
0.40261992935308427
0
0.6063601503676019
0
0.38998400016230156
0
-0.012872688901419701
0
-0.1341832788467707
0
0.10165224717676094
0
0.26181812072034577
0
-0.0029189889619201446
0
-0.42769535205294934
0
-0.4088093989574015
0
-0.1407590402317292
0
0.23548847713839224
0
0.18993818649212812
0
0.0047138986476585164
0
0.18265274366951642
0
0.4591353009151273
0
0.6264910309285212
0
0.6150144679401153
0
0.23884067332622702
0
-0.21285273571797955
0
-0.10870419810181908
0
0.4927938960521966
0
0.6218008730262937
0
-0.17730002589734625
0
-0.5539829396914093
0
-0.6262983158007932
0
-0.5540978692784153
0
0.12553463433339682
0
0.28082823818746344
0
0.21738508600230227
0
0.5667288719181631
0
0.5738902197741147
0
0.2266037474605325
0
0.020871138258768736
0
-0.2387046962656149
0
-0.4176228530837341
0
-0.04295873346585367
0
0.6897423520931633
0
0.7217856168150066
0
-0.41779637137274855
0
-0.18602191146691144
0
-0.186325916033863
0
-0.4886077021521921
0
0.1202789709639176
0
-0.008330489912188061
0
-0.16427450818329442
0
0.431225937661842
0
0.3270129872910487
0
-0.4063359936244222
0
-0.5850764466880288
0
-0.508505437702575
0
-0.3516453985686683
0
0.025790250109997068
0
0.30986979091943734
0
0.19282845541425025
0
-0.5176851094813756
0
0.20749294101120824
0
0.2341619474763289
0
-0.2533126893775916
0
0.11467800536564608
0
-0.5225860835730035
0
-0.7528865909939213
0
0.1991759866943078
0
0.23455015320546724
0
-0.7093448049582013
0
-0.7370387679122733
0
-0.3669734664135516
0
-0.09897943765431792
0
0.13869783544883357
0
-0.2762542610033503
0
-0.492603779829798
0
-0.2052897524129099
0
0.2775218221671596
0
0.03609550000367101
0
-0.28753715464341456
0
0.0023403169722008843
0
-0.8143225278995311
0
-0.8926814536272192
0
0.2936966221032441
0
0.4797472695020194
0
-0.6186340521691435
0
-0.5527022036312869
0
-0.13755640434649175
0
-0.027365585172687286
0
0.33449183003019034
0
-0.3603704119268457
0
-0.5678864555350707
0
0.31175415586929095
0
0.16598553892428802
0
-0.4722718945301983
0
-0.5197710096259298
0
-0.12182897413917196
0
-0.6152606906558662
0
-0.5007118970635505
0
0.4479658003375774
0
0.6037478488590506
0
-0.4539872302924348
0
-0.32638139313796166
0
-0.12411342365034134
0
-0.28549493950358124
0
0.5394290934156983
0
0.1375171639674927
0
-0.09391800813162127
0
0.41769377747693304
0
0.14796662304872188
0
-0.5649302185269808
0
-0.5515142347684042
0
-0.11544781135603531
0
-0.11423866517452888
0
-0.05910394535253623
0
0.1774790996654118
0
0.2179795974782991
0
-0.36311767439138376
0
-0.09142377529093212
0
-0.22689907576563256
0
-0.6003025118267603
0
0.6184960346219297
0
0.5634029617433044
0
0.07969596710917792
0
-0.10621895210969087
0
0.22218466210799487
0
-0.11162256417807676
0
-0.2898331238724268
0
-0.028037270968250285
0
0.2811507838369773
0
0.10731843943590993
0
-0.35826464801509067
0
-0.34963704540595814
0
-0.21337425545589458
0
0.19307355139280774
0
-0.23443719770597574
0
-0.6555278455306186
0
0.5251054672273225
0
0.43374359377094923
0
-0.4494397817158343
0
-0.6816597569913758
0
0.23974684514876177
0
0.3467646539129898
0
-0.0365468364401021
0
-0.015218073024734859
0
0.3727283320564742
0
0.1487133288901651
0
-0.5189569048648504
0
-0.4841466981231854
0
0.030269525961638545
0
0.34106386351486
0
-0.1994381615342457
0
-0.482224870487267
0
0.3433682715744539
0
0.03188457958718317
0
-1.0259940446234945
0
-0.6348503765211051
0
0.21926816657826886
0
0.42358588828921756
0
0.017955967645192104
0
-0.07038074822205312
0
0.28369195945041953
0
0.2650175934575916
0
-0.13543788017689215
0
-0.14148323681804026
0
0.16512865386232378
0
0.1671268976177236
0
-0.2760672247526534
0
-0.32255289621864963
0
0.18766470039790378
0
-0.09472980572232044
0
-0.8704710271421985
0
-0.06779171056851885
0
0.2789713295055354
0
0.30930737908046485
0
0.035471483945859666
0
-0.03227946057638686
0
0.2127665725202928
0
0.3572559733607707
0
0.2595819166780193
0
0.16125685468419862
0
0.08286248376260756
0
-0.13520965408938881
0
-0.3679375877106143
0
-0.24498776657758548
0
0.11184127071027954
0
0.10581289415640877
0
-0.16019295994201743
0
0.34216373047555515
0
0.3604554106109221
0
0.28823601281686007
0
0.1654882604719508
0
0.12896501105052485
0
0.20874044413425938
0
0.28730878503750834
0
0.2669786046006033
0
0.15199448790730086
0
-0.017979464032986878
0
-0.18507738947445995
0
-0.24239903710066596
0
-0.11371026386188687
0
0.11290346230242733
0
0.2636227645803077
0
0.3093154575451998
0
0.2869688013251606
0
0.2860531522540358
0
0.26789220976733374
0
0.24286672304132648
0
0.2208190731787851
0
0.20380600580714486
0
0.18516063101109428
0
0.15695919530280547
0
0.11863732171054207
0
0.07983725067509478
0
0.05659020139669156
0
0.06288004355404474
0
0.10141101244060875
0
0.16036642258555123
0
0.2202656983211969
0
0.26497615593140966
0
